# logA n_s theta_s_1e2 omega_b omega_dmb log10sigma_dmb tau_reio A_planck
1.017408930605054633e-03 9.989073047458829570e-05 2.721141248876880906e-06 2.644505726973473435e-06 -3.227493522382848411e-05 1.703819643772765862e-03 5.495927139824415344e-04 -4.260437651168731506e-07
9.989073047458829570e-05 2.709195378977830973e-05 6.191932507465314407e-07 4.905146675031471577e-07 -6.576607919199164009e-06 4.011548495912851562e-04 5.874024819331104686e-05 -1.723329650009782213e-08
2.721141248876880906e-06 6.191932507465314407e-07 1.033867477901798510e-07 1.632938389291090511e-08 -1.543678887623650032e-07 6.743078937984084073e-05 1.534945369188849225e-06 -6.829666173869182552e-09
2.644505726973473435e-06 4.905146675031471577e-07 1.632938389291090511e-08 2.687674989949313788e-08 -1.695225861463705581e-07 1.105949982125002871e-05 1.502080925175624799e-06 -9.547479869185113605e-09
-3.227493522382848411e-05 -6.576607919199164009e-06 -1.543678887623650032e-07 -1.695225861463705581e-07 2.442420680822790607e-06 1.162861114955951908e-05 -1.906947884022061780e-05 -4.141386132672647021e-08
1.703819643772765862e-03 4.011548495912851562e-04 6.743078937984084073e-05 1.105949982125002871e-05 1.162861114955951908e-05 1.855295755770164590e+00 7.933534153941560352e-04 3.687576825606780017e-05
5.495927139824415344e-04 5.874024819331104686e-05 1.534945369188849225e-06 1.502080925175624799e-06 -1.906947884022061780e-05 7.933534153941561437e-04 3.060731862997586824e-04 -6.690964014475344815e-06
-4.260437651168731506e-07 -1.723329650009782213e-08 -6.829666173869182552e-09 -9.547479869185113605e-09 -4.141386132672647021e-08 3.687576825606780017e-05 -6.690964014475344815e-06 6.507271121783852864e-06
