# logA n_s theta_s_1e2 omega_b omega_dmb log10sigma_dmb tau_reio A_planck
1.057908467000634976e-03 1.009446068805075730e-04 2.421105108110940453e-06 2.861223698120512474e-06 -3.459551908533643120e-05 -9.077241914585250848e-04 5.724630208854319989e-04 4.093562439937468732e-07
1.009446068805075730e-04 2.569804975104078465e-05 4.565628041279174471e-07 4.765225525441391808e-07 -6.297977268985541265e-06 4.267604222461775167e-04 5.837285126673163468e-05 4.419080361287205137e-07
2.421105108110940453e-06 4.565628041279174471e-07 9.099865641137865293e-08 1.304485724850859038e-08 -1.307017952479658766e-07 3.887087788289797350e-05 1.349631104674933141e-06 -2.387356987660285503e-08
2.861223698120512474e-06 4.765225525441391808e-07 1.304485724850859038e-08 2.780837159227562789e-08 -1.804030515086477091e-07 -2.688576752805439571e-05 1.606952895833145994e-06 1.354095310668304551e-08
-3.459551908533643120e-05 -6.297977268985541265e-06 -1.307017952479658766e-07 -1.804030515086477091e-07 2.472666905840632947e-06 1.780825868657237489e-04 -2.024468152317361074e-05 -1.366904667694679811e-07
-9.077241914585250848e-04 4.267604222461775167e-04 3.887087788289797350e-05 -2.688576752805439571e-05 1.780825868657237489e-04 4.026974737055446063e+00 -1.061811123886910240e-03 -9.593939633363115658e-07
5.724630208854319989e-04 5.837285126673163468e-05 1.349631104674933141e-06 1.606952895833145994e-06 -2.024468152317361074e-05 -1.061811123886910240e-03 3.183160396492332438e-04 -5.563772126340872203e-06
4.093562439937468732e-07 4.419080361287205137e-07 -2.387356987660285503e-08 1.354095310668304551e-08 -1.366904667694679811e-07 -9.593939633363115658e-07 -5.563772126340872203e-06 5.962044214652063250e-06
