# logA n_s theta_s_1e2 omega_b omega_dmb log10sigma_dmb tau_reio A_planck
9.977495973314035559e-04 1.020329969526179685e-04 2.161715228439445098e-06 2.694785676892369264e-06 -3.345404951453335128e-05 6.356154157364727730e-04 5.484791338722915530e-04 -6.923871533930356289e-06
1.020329969526179685e-04 2.581238446975306467e-05 4.120211716969682151e-07 4.412698090179634268e-07 -6.406602916838516651e-06 1.683274329988318475e-04 6.000602340290134919e-05 -3.793711659832124781e-07
2.161715228439445098e-06 4.120211716969682151e-07 8.655249422598106982e-08 9.589998550322514955e-09 -1.276822278833226654e-07 5.116301189226837723e-05 1.176004642133678263e-06 3.250911322003205771e-08
2.694785676892369264e-06 4.412698090179634268e-07 9.589998550322514955e-09 2.564920111243729231e-08 -1.558041103760846787e-07 3.360436662824191107e-05 1.515070108583202402e-06 -1.497631025419103799e-08
-3.345404951453335128e-05 -6.406602916838516651e-06 -1.276822278833226654e-07 -1.558041103760846787e-07 2.368344234754926158e-06 -9.697784911657779416e-05 -1.968922924086614166e-05 5.540545934204659769e-08
6.356154157364727730e-04 1.683274329988318475e-04 5.116301189226837723e-05 3.360436662824191107e-05 -9.697784911657779416e-05 1.300855925504409072e+01 5.173872196697406342e-04 1.804227783428928383e-04
5.484791338722915530e-04 6.000602340290134919e-05 1.176004642133678263e-06 1.515070108583202402e-06 -1.968922924086614166e-05 5.173872196697409595e-04 3.098101411865037216e-04 -9.710274967375657790e-06
-6.923871533930356289e-06 -3.793711659832124781e-07 3.250911322003205771e-08 -1.497631025419103799e-08 5.540545934204659769e-08 1.804227783428928383e-04 -9.710274967375657790e-06 6.142394833695073590e-06
