# logA n_s theta_s_1e2 omega_b omega_dmb log10sigma_dmb tau_reio A_planck
1.099787135238940996e-03 1.176267524888720506e-04 2.964866051131838105e-06 2.816412347497183189e-06 -3.673805516723219157e-05 2.271321260909204588e-03 5.963060210900205781e-04 -1.971489663141570098e-06
1.176267524888720506e-04 3.108726631692523428e-05 6.822378771398653374e-07 4.991813328207061722e-07 -7.006255542078575892e-06 1.170485781679306975e-03 6.735711544942505691e-05 -2.408722840758096993e-07
2.964866051131838105e-06 6.822378771398653374e-07 9.401493362557919440e-08 1.400448422615326195e-08 -1.620278841855274292e-07 5.676943031606665225e-05 1.589258590379145604e-06 7.033389372125010174e-09
2.816412347497183189e-06 4.991813328207061722e-07 1.400448422615326195e-08 2.858637580647946723e-08 -1.794009459837274338e-07 -6.720416533440190957e-06 1.589066842796228289e-06 3.641458780288548619e-09
-3.673805516723219157e-05 -7.006255542078575892e-06 -1.620278841855274292e-07 -1.794009459837274338e-07 2.514261689689100321e-06 -3.091087103080613745e-05 -2.142523278665677452e-05 3.103304701277326589e-08
2.271321260909204588e-03 1.170485781679306975e-03 5.676943031606665225e-05 -6.720416533440190957e-06 -3.091087103080613745e-05 1.222007095411054900e+00 7.276268192644609481e-04 -1.292265507576139595e-05
5.963060210900205781e-04 6.735711544942505691e-05 1.589258590379145393e-06 1.589066842796228289e-06 -2.142523278665677452e-05 7.276268192644609481e-04 3.325322372692135204e-04 -7.346808132126938019e-06
-1.971489663141570098e-06 -2.408722840758096993e-07 7.033389372125010174e-09 3.641458780288548619e-09 3.103304701277326589e-08 -1.292265507576139595e-05 -7.346808132126938019e-06 6.355118442234724820e-06
