# logA n_s theta_s_1e2 omega_b omega_dmb log10sigma_dmb tau_reio A_planck
1.108887248479675661e-03 1.077029267324312390e-04 2.818053041507223636e-06 2.813586040158240808e-06 -3.591193979062019131e-05 1.484426116956909930e-03 5.990450778781087823e-04 7.389083312230353930e-07
1.077029267324312390e-04 2.732615071982450171e-05 4.899833225747705425e-07 4.747793448411127921e-07 -6.631147206433622695e-06 -8.860104491884291918e-04 6.266368467143776974e-05 1.102731183210352299e-07
2.818053041507223636e-06 4.899833225747705425e-07 9.106973469616585310e-08 1.390871949255805514e-08 -1.466932201327692176e-07 8.063463374170833290e-07 1.544648465915831446e-06 9.044020981514855750e-09
2.813586040158240808e-06 4.747793448411127921e-07 1.390871949255805514e-08 2.566141472461031941e-08 -1.675182799519334625e-07 -1.436068902740862193e-05 1.574656562372714735e-06 8.755646205523623943e-10
-3.591193979062019131e-05 -6.631147206433622695e-06 -1.466932201327692176e-07 -1.675182799519334625e-07 2.475094692347433900e-06 5.288650042115055060e-05 -2.092778058801647402e-05 -6.672685447144771131e-08
1.484426116956910581e-03 -8.860104491884291918e-04 8.063463374171035519e-07 -1.436068902740862193e-05 5.288650042115058448e-05 4.215486062381817334e+01 7.108929665285510652e-04 2.663188473799550844e-04
5.990450778781087823e-04 6.266368467143776974e-05 1.544648465915831446e-06 1.574656562372714735e-06 -2.092778058801647402e-05 7.108929665285510652e-04 3.325928618852326611e-04 -5.923736664659497887e-06
7.389083312230353930e-07 1.102731183210352299e-07 9.044020981514855750e-09 8.755646205523623943e-10 -6.672685447144771131e-08 2.663188473799550844e-04 -5.923736664659497887e-06 6.362610047344322699e-06
