# logA n_s theta_s_1e2 omega_b omega_dmb log10sigma_dmb tau_reio A_planck
1.103183490125733386e-03 1.120772300448314552e-04 2.940831189757684341e-06 2.828694953492578379e-06 -3.590838653632775541e-05 1.292473964710616225e-03 5.952000206017683858e-04 6.186620448816185321e-07
1.120772300448314552e-04 2.909272932177732647e-05 6.591572663038963265e-07 4.515095945355628992e-07 -6.538563202198006327e-06 1.259324820058437206e-03 6.364560041871567312e-05 3.525782465921443632e-08
2.940831189757684341e-06 6.591572663038963265e-07 9.756366230201013083e-08 1.257900065557369754e-08 -1.643655052345779747e-07 8.140624273934979251e-05 1.569657667381577380e-06 5.513513601259238790e-09
2.828694953492578379e-06 4.515095945355628992e-07 1.257900065557369754e-08 2.643700212705171052e-08 -1.708056772536192078e-07 -1.518374019769895466e-05 1.589381751393269940e-06 1.240450622521425740e-08
-3.590838653632775541e-05 -6.538563202198006327e-06 -1.643655052345779747e-07 -1.708056772536192078e-07 2.496473134123780207e-06 2.910323144115075186e-05 -2.096163268374514108e-05 -3.912314012624831257e-08
1.292473964710616225e-03 1.259324820058437206e-03 8.140624273934979251e-05 -1.518374019769895466e-05 2.910323144115075186e-05 1.314357367837976742e+00 1.710666702450779899e-04 -1.024264419678707738e-04
5.952000206017683858e-04 6.364560041871567312e-05 1.569657667381577380e-06 1.589381751393269940e-06 -2.096163268374514108e-05 1.710666702450779086e-04 3.310263130728521462e-04 -6.321251590644779994e-06
6.186620448816185321e-07 3.525782465921443632e-08 5.513513601259238790e-09 1.240450622521425740e-08 -3.912314012624831257e-08 -1.024264419678707738e-04 -6.321251590644779994e-06 6.630257306198211422e-06
