# logA n_s theta_s_1e2 omega_b omega_dmb log10sigma_dmb tau_reio A_planck
1.020087337854726434e-03 9.824422264727197384e-05 2.969874418672021848e-06 2.740885310716737424e-06 -3.235503792902252353e-05 3.804079498977662281e-03 5.484625256161442452e-04 1.523200976878577540e-06
9.824422264727197384e-05 2.708486986316446343e-05 5.543263659597026864e-07 4.946826027711618724e-07 -6.661680964379782550e-06 -2.294513713756891893e-03 5.770996527208972955e-05 1.504173916010209678e-07
2.969874418672021848e-06 5.543263659597026864e-07 9.063525249341220792e-08 1.653552916313450442e-08 -1.640134475762726266e-07 -1.452574182614680852e-04 1.658264980711009501e-06 -1.348777862202260878e-08
2.740885310716737424e-06 4.946826027711618724e-07 1.653552916313450442e-08 2.756018879737537304e-08 -1.773098665781028001e-07 -8.846350540324579407e-05 1.515219443452883982e-06 2.737219244827018120e-08
-3.235503792902252353e-05 -6.661680964379782550e-06 -1.640134475762726266e-07 -1.773098665781028001e-07 2.496665559364993974e-06 5.282976809049923835e-04 -1.920942771879936893e-05 2.458747186400674139e-08
3.804079498977662281e-03 -2.294513713756891893e-03 -1.452574182614680852e-04 -8.846350540324579407e-05 5.282976809049923835e-04 2.741872437896018511e+01 2.694208100056604948e-03 -8.453452169019720283e-04
5.484625256161442452e-04 5.770996527208972955e-05 1.658264980711009501e-06 1.515219443452883982e-06 -1.920942771879936893e-05 2.694208100056604948e-03 3.041907563457888148e-04 -5.388144763227379204e-06
1.523200976878577540e-06 1.504173916010209678e-07 -1.348777862202260878e-08 2.737219244827018120e-08 2.458747186400674139e-08 -8.453452169019721367e-04 -5.388144763227379204e-06 6.006711597646812200e-06
