# logA n_s theta_s_1e2 omega_b omega_dmb log10sigma_dmb tau_reio A_planck
1.029878828395760972e-03 1.012031529329919267e-04 2.602148399649703870e-06 2.887842483218768875e-06 -3.437266657767154104e-05 9.719315398846235137e-05 5.539314940440715146e-04 3.556540935683689108e-06
1.012031529329919267e-04 2.701041582637349770e-05 5.732224970947257581e-07 4.597212693668220578e-07 -6.391399461053829759e-06 7.930573211344285178e-04 5.830157097180909515e-05 2.289052873842392178e-07
2.602148399649703870e-06 5.732224970947257581e-07 9.771221324350640824e-08 1.398091608907103264e-08 -1.509091059965737308e-07 5.169737497344866368e-05 1.395272972949721300e-06 1.432705217736763528e-08
2.887842483218768875e-06 4.597212693668220578e-07 1.398091608907103264e-08 2.725902030714469408e-08 -1.802933593242333237e-07 -1.256189813982662886e-05 1.602422104675041670e-06 3.270652390423500766e-08
-3.437266657767154104e-05 -6.391399461053829759e-06 -1.509091059965737308e-07 -1.802933593242333237e-07 2.490569897506611985e-06 2.693584050813885969e-05 -2.013493705753071207e-05 -1.019919940519764388e-07
9.719315398846235137e-05 7.930573211344285178e-04 5.169737497344866368e-05 -1.256189813982662886e-05 2.693584050813885969e-05 1.171370947681088293e+00 -3.741848155106329349e-04 -3.220565772677476494e-05
5.539314940440715146e-04 5.830157097180909515e-05 1.395272972949721300e-06 1.602422104675041670e-06 -2.013493705753071207e-05 -3.741848155106330433e-04 3.075066137304521266e-04 -4.478981106559830847e-06
3.556540935683689108e-06 2.289052873842392178e-07 1.432705217736763528e-08 3.270652390423500766e-08 -1.019919940519764388e-07 -3.220565772677476494e-05 -4.478981106559830847e-06 6.305292084380679567e-06
