# logA n_s theta_s_1e2 omega_b omega_dmb log10sigma_dmb tau_reio A_planck
1.088956639291631650e-03 1.055942490727726935e-04 2.593433586359147993e-06 2.740455475837451959e-06 -3.608108117910930159e-05 1.246385550459070063e-03 5.902029673831586708e-04 -9.418766508313736754e-07
1.055942490727726935e-04 2.848296614295754372e-05 6.546553181614303682e-07 4.634871760092347267e-07 -6.593376685456318958e-06 1.126357761362482097e-03 6.119210261894453046e-05 -3.888445286769961592e-07
2.593433586359147993e-06 6.546553181614303682e-07 1.015714635476596229e-07 1.512773372096657116e-08 -1.591192822996578642e-07 6.007046614359937993e-05 1.426155659148073201e-06 -1.391018020961257129e-08
2.740455475837451959e-06 4.634871760092347267e-07 1.512773372096657116e-08 2.728387516172507713e-08 -1.730132480853230467e-07 -1.518599852321743145e-05 1.547832292055242708e-06 1.786161526705410090e-09
-3.608108117910930159e-05 -6.593376685456318958e-06 -1.591192822996578642e-07 -1.730132480853230467e-07 2.496822483136560658e-06 1.759371800507749482e-05 -2.112490765700751329e-05 3.876228056270203580e-08
1.246385550459070063e-03 1.126357761362482097e-03 6.007046614359937993e-05 -1.518599852321743145e-05 1.759371800507749482e-05 1.432923024163975212e+00 1.872619900975084370e-04 -2.133561834801973796e-05
5.902029673831586708e-04 6.119210261894453046e-05 1.426155659148073201e-06 1.547832292055242708e-06 -2.112490765700751329e-05 1.872619900975084099e-04 3.288270471094879833e-04 -6.492243226940024633e-06
-9.418766508313736754e-07 -3.888445286769961592e-07 -1.391018020961257129e-08 1.786161526705410090e-09 3.876228056270203580e-08 -2.133561834801973796e-05 -6.492243226940024633e-06 5.984778828041418776e-06
