# logA n_s theta_s_1e2 omega_b omega_dmb log10sigma_dmb tau_reio A_planck
1.113140822634810624e-03 1.107562869995577944e-04 2.968686536170194671e-06 2.907271395279274165e-06 -3.640472564043156458e-05 3.465884520721532538e-04 6.034430592587933500e-04 -1.845361195662383043e-06
1.107562869995577944e-04 2.951741798189740386e-05 7.147757891842806697e-07 4.570879899946458915e-07 -6.509756330070669336e-06 1.037413396782396703e-03 6.270482375891469284e-05 9.640903977746377129e-08
2.968686536170194671e-06 7.147757891842806697e-07 1.013854735223801206e-07 1.560553388225443764e-08 -1.569967053180128040e-07 5.633023279088660842e-05 1.585736713372525724e-06 4.239315600604102658e-10
2.907271395279274165e-06 4.570879899946458915e-07 1.560553388225443764e-08 2.813365117610025764e-08 -1.790584300566994714e-07 -1.660547540514040600e-05 1.645265012562240644e-06 3.503757399229143258e-09
-3.640472564043156458e-05 -6.509756330070669336e-06 -1.569967053180128040e-07 -1.790584300566994714e-07 2.549722239769735486e-06 1.206767753743262359e-04 -2.127252228742574681e-05 -1.159242850945795147e-07
3.465884520721532538e-04 1.037413396782396703e-03 5.633023279088660842e-05 -1.660547540514040600e-05 1.206767753743262359e-04 1.237247837222071212e+00 -4.229730017552302290e-04 -1.002569048283823692e-04
6.034430592587933500e-04 6.270482375891469284e-05 1.585736713372525724e-06 1.645265012562240644e-06 -2.127252228742574681e-05 -4.229730017552302290e-04 3.362093905788318291e-04 -6.879199808189113945e-06
-1.845361195662383043e-06 9.640903977746377129e-08 4.239315600604102658e-10 3.503757399229143258e-09 -1.159242850945795147e-07 -1.002569048283823692e-04 -6.879199808189113098e-06 6.172739380792058303e-06
