# logA n_s theta_s_1e2 omega_b omega_dmb log10sigma_dmb tau_reio A_planck
1.033766289532716360e-03 1.068042162632386972e-04 2.842053129545468449e-06 2.893002713124223813e-06 -3.505571224167633156e-05 9.069663842355244962e-03 5.595591656214062926e-04 1.315247404292839759e-06
1.068042162632386972e-04 2.708483176123969400e-05 5.189195349159853939e-07 4.638021426469717046e-07 -6.527574175676486254e-06 8.118912522899976187e-05 6.201885483755004505e-05 1.631798693845379338e-07
2.842053129545468449e-06 5.189195349159853939e-07 9.249476919686132731e-08 1.596860829525748714e-08 -1.714025036431101490e-07 3.879703874784539455e-05 1.605675684163001779e-06 -9.640852012296584994e-09
2.893002713124223813e-06 4.638021426469717046e-07 1.596860829525748714e-08 2.723646644954566323e-08 -1.736665063951612489e-07 1.680593665563504091e-05 1.600227651739426919e-06 1.654111894760732355e-08
-3.505571224167633156e-05 -6.527574175676486254e-06 -1.714025036431101490e-07 -1.736665063951612489e-07 2.443991878706109739e-06 -1.638288961625715640e-04 -2.031861457515464682e-05 -1.511144714801255122e-07
9.069663842355244962e-03 8.118912522899976187e-05 3.879703874784539455e-05 1.680593665563504091e-05 -1.638288961625715640e-04 1.940673463802048460e+01 4.895394656857240435e-03 4.598746812090209361e-05
5.595591656214062926e-04 6.201885483755004505e-05 1.605675684163001779e-06 1.600227651739426919e-06 -2.031861457515464682e-05 4.895394656857240435e-03 3.112684843493196732e-04 -5.283431448467405315e-06
1.315247404292839759e-06 1.631798693845379338e-07 -9.640852012296584994e-09 1.654111894760732355e-08 -1.511144714801255122e-07 4.598746812090209361e-05 -5.283431448467405315e-06 6.096560689884919265e-06
