# logA n_s theta_s_1e2 omega_b omega_dmb log10sigma_dmb tau_reio A_planck
1.030588250608620911e-03 1.071568460651026774e-04 2.635745139152074571e-06 2.590682143228702866e-06 -3.431631824188645130e-05 1.278144510307350568e-03 5.572791738249140321e-04 1.593645303617762292e-07
1.071568460651026774e-04 3.090665347382925304e-05 6.533460055365748027e-07 4.437262264756652597e-07 -6.746186342528961592e-06 1.404233845661189035e-03 6.185600060663445162e-05 3.497621283149639405e-08
2.635745139152074571e-06 6.533460055365748027e-07 9.426336798147302033e-08 1.353097123725142172e-08 -1.558466643625720077e-07 7.389423915379588208e-05 1.461732695716951380e-06 -1.670135916277372963e-08
2.590682143228702866e-06 4.437262264756652597e-07 1.353097123725142172e-08 2.672711153282107667e-08 -1.653267096904696920e-07 -1.917627378061587497e-05 1.463897694264804918e-06 6.147494072781574691e-10
-3.431631824188645130e-05 -6.746186342528961592e-06 -1.558466643625720077e-07 -1.653267096904696920e-07 2.458701107745555600e-06 2.649871596510122073e-05 -2.004442244641906637e-05 -9.479710269495349988e-08
1.278144510307350568e-03 1.404233845661189035e-03 7.389423915379588208e-05 -1.917627378061587497e-05 2.649871596510122073e-05 3.888862285851490963e+00 7.754364688508321888e-05 -8.683585331205898047e-06
5.572791738249140321e-04 6.185600060663445162e-05 1.461732695716951380e-06 1.463897694264804918e-06 -2.004442244641906637e-05 7.754364688508321888e-05 3.104637380173272355e-04 -6.212460056659995548e-06
1.593645303617762292e-07 3.497621283149639405e-08 -1.670135916277372963e-08 6.147494072781574691e-10 -9.479710269495349988e-08 -8.683585331205898047e-06 -6.212460056659995548e-06 6.419232046664353225e-06
