# logA n_s theta_s_1e2 omega_b omega_dmb log10sigma_dmb tau_reio A_planck
1.030633511949931433e-03 9.626458342115233016e-05 2.624581058832391917e-06 2.731583373662444522e-06 -3.300707555580959901e-05 5.071307029996198392e-04 5.582793396666886144e-04 -2.148318507561870140e-06
9.626458342115233016e-05 2.529392658766894446e-05 5.808912511582140490e-07 4.503712470929314779e-07 -6.079542991529345379e-06 3.531063394524171337e-04 5.655659219010837082e-05 -3.496970123487175104e-07
2.624581058832391917e-06 5.808912511582140490e-07 1.110546618314508881e-07 1.487299884943019568e-08 -1.337723143881075211e-07 9.912885806193478210e-05 1.403478640217492234e-06 2.080753011061670852e-08
2.731583373662444522e-06 4.503712470929314779e-07 1.487299884943019568e-08 2.750107987407540179e-08 -1.743834904101455668e-07 -7.728657170172021029e-06 1.542842038979878522e-06 -1.143162790915241589e-08
-3.300707555580959901e-05 -6.079542991529345379e-06 -1.337723143881075211e-07 -1.743834904101455668e-07 2.447080075314170529e-06 1.465639758578369742e-04 -1.953949881261854009e-05 9.247213452290838391e-08
5.071307029996198392e-04 3.531063394524171337e-04 9.912885806193478210e-05 -7.728657170172021029e-06 1.465639758578369742e-04 2.023264013756498780e+00 -3.449447655165961539e-04 3.155374836140864515e-04
5.582793396666886144e-04 5.655659219010837082e-05 1.403478640217492234e-06 1.542842038979878522e-06 -1.953949881261854009e-05 -3.449447655165961539e-04 3.116378281919799731e-04 -7.498321946624328977e-06
-2.148318507561870140e-06 -3.496970123487175104e-07 2.080753011061670852e-08 -1.143162790915241589e-08 9.247213452290838391e-08 3.155374836140864515e-04 -7.498321946624328977e-06 6.199188714250168017e-06
