# logA n_s theta_s_1e2 omega_b omega_dmb log10sigma_dmb tau_reio A_planck
1.148596707475935683e-03 1.121812536916649676e-04 2.840065610589766704e-06 2.880077788616948373e-06 -3.692137989349040503e-05 5.932568275112894314e-04 6.215129688295940869e-04 -2.725351735505471665e-08
1.121812536916649676e-04 2.604659376190831781e-05 5.547043679496788579e-07 5.012700982352304986e-07 -6.598899306238968601e-06 -7.933328652989751317e-05 6.564049642304161866e-05 -6.650115165142177582e-07
2.840065610589766704e-06 5.547043679496788579e-07 1.055000458818318164e-07 1.746644634652953880e-08 -1.434674398264959993e-07 5.215701601524915377e-05 1.607278589643380386e-06 -2.348055125945418174e-08
2.880077788616948373e-06 5.012700982352304986e-07 1.746644634652953880e-08 2.770772722050807857e-08 -1.736596281695633784e-07 3.801753607370602029e-06 1.607087443356566899e-06 6.632078430639710829e-09
-3.692137989349040503e-05 -6.598899306238968601e-06 -1.434674398264959993e-07 -1.736596281695633784e-07 2.513579373457123341e-06 9.441994483435004588e-05 -2.158046329011549625e-05 5.866530699704824054e-08
5.932568275112894314e-04 -7.933328652989751317e-05 5.215701601524915377e-05 3.801753607370602029e-06 9.441994483435004588e-05 1.170972854714089628e+00 3.306934108478675675e-04 -1.723618162090153450e-05
6.215129688295940869e-04 6.564049642304161866e-05 1.607278589643380386e-06 1.607087443356566899e-06 -2.158046329011549625e-05 3.306934108478675675e-04 3.453635533331473749e-04 -6.318907876495268588e-06
-2.725351735505471665e-08 -6.650115165142177582e-07 -2.348055125945418174e-08 6.632078430639710829e-09 5.866530699704824054e-08 -1.723618162090153450e-05 -6.318907876495268588e-06 6.174743047609679410e-06
