# logA n_s theta_s_1e2 omega_b omega_dmb log10sigma_dmb tau_reio A_planck
9.951715168290246622e-04 9.750625919920022768e-05 2.639905594489953170e-06 2.783806275377921462e-06 -3.307188063537242709e-05 -8.151745810508725628e-05 5.350891243345428641e-04 3.810011490307590182e-06
9.750625919920022768e-05 2.646767724884825895e-05 5.006879640814343745e-07 4.857841568261937010e-07 -6.396222358065473801e-06 -9.897635382732725563e-06 5.730969834418625351e-05 1.054369197274555099e-07
2.639905594489953170e-06 5.006879640814343745e-07 9.621848610689926153e-08 1.340226707273276595e-08 -1.261014698735879920e-07 7.594524662541616688e-05 1.400209290301393574e-06 5.241431651814343779e-08
2.783806275377921462e-06 4.857841568261937010e-07 1.340226707273276595e-08 2.660071715244967828e-08 -1.701280036165837745e-07 3.951117321795203639e-06 1.561735149747308515e-06 2.750962838932881192e-09
-3.307188063537242709e-05 -6.396222358065473801e-06 -1.261014698735879920e-07 -1.701280036165837745e-07 2.400553769614467610e-06 1.182044418418411993e-04 -1.932340623125359974e-05 -1.330140120842122469e-07
-8.151745810508725628e-05 -9.897635382732725563e-06 7.594524662541616688e-05 3.951117321795203639e-06 1.182044418418411993e-04 1.645111391465187811e+00 -2.462611374566917055e-04 1.038291572097356383e-04
5.350891243345428641e-04 5.730969834418625351e-05 1.400209290301393574e-06 1.561735149747308515e-06 -1.932340623125359974e-05 -2.462611374566919223e-04 2.966660578290544335e-04 -4.227249195448950116e-06
3.810011490307590182e-06 1.054369197274555099e-07 5.241431651814343779e-08 2.750962838932881192e-09 -1.330140120842122469e-07 1.038291572097356383e-04 -4.227249195448950116e-06 6.234964301457924234e-06
