# logA n_s theta_s_1e2 omega_b omega_dmb log10sigma_dmb tau_reio A_planck
1.017484160006970487e-03 1.002209573652072919e-04 2.534488233855763344e-06 2.743162960084233772e-06 -3.459014021975427745e-05 -2.313076736589451173e-03 5.560238803772600243e-04 -3.548605189771069208e-06
1.002209573652072919e-04 2.569519978112036848e-05 4.536068651463444300e-07 4.907882563123779054e-07 -6.414808565144887972e-06 -1.197784636819202754e-03 5.939011860748644785e-05 -7.294155871415263501e-07
2.534488233855763344e-06 4.536068651463444300e-07 8.806766949331260579e-08 1.231689991117773453e-08 -1.408297627639235118e-07 -4.971689753193562033e-06 1.417368186168378056e-06 -5.480896026697645870e-09
2.743162960084233772e-06 4.907882563123779054e-07 1.231689991117773453e-08 2.784093633632754788e-08 -1.791452466622941874e-07 -1.640540497896836929e-05 1.565681179639199984e-06 -1.337467825439397166e-08
-3.459014021975427745e-05 -6.414808565144887972e-06 -1.408297627639235118e-07 -1.791452466622941874e-07 2.458332122551276662e-06 2.521427812074490031e-04 -2.061901019685385961e-05 3.049948326070149237e-07
-2.313076736589451173e-03 -1.197784636819202754e-03 -4.971689753193562033e-06 -1.640540497896836929e-05 2.521427812074490031e-04 7.201913651440770892e+00 -1.552078448651556366e-03 2.297809725376245013e-04
5.560238803772600243e-04 5.939011860748644785e-05 1.417368186168378056e-06 1.565681179639199984e-06 -2.061901019685385961e-05 -1.552078448651556366e-03 3.126194842857310746e-04 -7.838854609952478823e-06
-3.548605189771069208e-06 -7.294155871415263501e-07 -5.480896026697645870e-09 -1.337467825439397166e-08 3.049948326070149237e-07 2.297809725376245013e-04 -7.838854609952478823e-06 5.688127726847854361e-06
