# logA n_s theta_s_1e2 omega_b omega_dmb log10sigma_dmb tau_reio A_planck
1.090736277242703106e-03 1.073065168507758338e-04 3.126665296629742276e-06 2.873631290086846822e-06 -3.519451225487773248e-05 1.234885004887111568e-03 5.896342506862442372e-04 -3.164319823072936255e-07
1.073065168507758338e-04 2.734684000348876936e-05 6.477979682649267113e-07 4.873423658579636141e-07 -6.522141431076084561e-06 6.939680793179435914e-04 6.254770046418946857e-05 -2.580326895823803106e-07
3.126665296629742276e-06 6.477979682649267113e-07 1.039497353152394770e-07 1.524000541961129548e-08 -1.482099313271606686e-07 9.052786070747477053e-05 1.712858504241156394e-06 -1.179470871464890098e-08
2.873631290086846822e-06 4.873423658579636141e-07 1.524000541961129548e-08 2.703633917289803302e-08 -1.721742215877407018e-07 -3.359441761403472021e-07 1.598997725244375111e-06 6.125382358111360095e-09
-3.519451225487773248e-05 -6.522141431076084561e-06 -1.482099313271606686e-07 -1.721742215877407018e-07 2.459857136448730413e-06 9.500711073179285556e-05 -2.067024373572664991e-05 6.287326983247620262e-08
1.234885004887111568e-03 6.939680793179435914e-04 9.052786070747477053e-05 -3.359441761403472021e-07 9.500711073179285556e-05 2.230474944305097296e+00 2.917660764538257986e-04 7.689902007008362619e-05
5.896342506862442372e-04 6.254770046418946857e-05 1.712858504241156394e-06 1.598997725244375111e-06 -2.067024373572664991e-05 2.917660764538259070e-04 3.277247741239548207e-04 -6.305959229046761801e-06
-3.164319823072936255e-07 -2.580326895823803106e-07 -1.179470871464890098e-08 6.125382358111360095e-09 6.287326983247620262e-08 7.689902007008362619e-05 -6.305959229046761801e-06 6.030375943461223394e-06
