# logA n_s theta_s_1e2 omega_b omega_dmb log10sigma_dmb tau_reio A_planck
1.158428776261986740e-03 1.173884865253740060e-04 3.123123227835401368e-06 3.182022597725811844e-06 -3.860746742627708510e-05 -3.451033390846249948e-03 6.260719785521868348e-04 1.470258848954388591e-06
1.173884865253740060e-04 2.822927218973128154e-05 5.729882644392597987e-07 5.355735048540292568e-07 -6.996842665125002313e-06 -2.181556734917153035e-03 6.838480815337230807e-05 -3.687230649769844570e-07
3.123123227835401368e-06 5.729882644392597987e-07 9.354944932926628409e-08 1.801837697359148207e-08 -1.677006820976647899e-07 -1.486515712674377839e-04 1.780251684325766956e-06 -4.705843136513313160e-08
3.182022597725811844e-06 5.355735048540292568e-07 1.801837697359148207e-08 2.841199664913897413e-08 -1.925714306748242495e-07 -5.453196439199011115e-05 1.792606403439059565e-06 -7.543749134959773487e-09
-3.860746742627708510e-05 -6.996842665125002313e-06 -1.677006820976647899e-07 -1.925714306748242495e-07 2.673996022067241616e-06 4.440203400932898415e-04 -2.250758370003991477e-05 -2.097044206636575317e-08
-3.451033390846249948e-03 -2.181556734917153035e-03 -1.486515712674377839e-04 -5.453196439199011115e-05 4.440203400932898415e-04 4.902483565645827213e+01 -2.274355828190082092e-03 4.769961632087188225e-04
6.260719785521868348e-04 6.838480815337230807e-05 1.780251684325766956e-06 1.792606403439059565e-06 -2.250758370003991477e-05 -2.274355828190082526e-03 3.475253262411507433e-04 -5.620286154674130403e-06
1.470258848954388591e-06 -3.687230649769844570e-07 -4.705843136513313160e-08 -7.543749134959773487e-09 -2.097044206636575317e-08 4.769961632087188225e-04 -5.620286154674130403e-06 6.355523422010562516e-06
