# logA n_s theta_s_1e2 omega_b omega_dmb log10sigma_dmb tau_reio A_planck
1.081622896546990259e-03 1.113589037512231230e-04 3.302972723496244648e-06 2.821178418717315403e-06 -3.325419753843260280e-05 -3.255899657463883715e-03 5.807309408054596922e-04 1.306409307859538208e-06
1.113589037512231230e-04 2.912501775240029491e-05 5.781137973967067055e-07 4.950764476363661512e-07 -6.582103643000949343e-06 -7.422220665872881562e-04 6.452409908980003938e-05 -2.068474262999129884e-07
3.302972723496244648e-06 5.781137973967067055e-07 8.950130571198689432e-08 1.596821688913484611e-08 -1.503413906060284838e-07 4.646856423553084068e-06 1.796388041604944997e-06 1.429529852272875476e-09
2.821178418717315403e-06 4.950764476363661512e-07 1.596821688913484611e-08 2.845521947397542342e-08 -1.677744954354991572e-07 -8.521622313211406523e-06 1.564140770296032578e-06 4.010845463765269590e-09
-3.325419753843260280e-05 -6.582103643000949343e-06 -1.503413906060284838e-07 -1.677744954354991572e-07 2.341993049661810842e-06 -1.861721108861275699e-05 -1.941972160128002621e-05 -4.796119822417437535e-08
-3.255899657463883715e-03 -7.422220665872881562e-04 4.646856423553084068e-06 -8.521622313211406523e-06 -1.861721108861275699e-05 2.866043628997113846e+00 -1.297270288247066947e-03 -1.345164817549799273e-04
5.807309408054596922e-04 6.452409908980003938e-05 1.796388041604944997e-06 1.564140770296032578e-06 -1.941972160128002621e-05 -1.297270288247066514e-03 3.213943663813428192e-04 -6.072504177616955186e-06
1.306409307859538208e-06 -2.068474262999129884e-07 1.429529852272875476e-09 4.010845463765269590e-09 -4.796119822417437535e-08 -1.345164817549799273e-04 -6.072504177616955186e-06 6.685245710794542283e-06
