# logA n_s theta_s_1e2 omega_b omega_dmb log10sigma_dmb tau_reio A_planck
1.045372318653272096e-03 1.065046513659520023e-04 2.778591545977454098e-06 2.830188889170252200e-06 -3.378312722299361287e-05 -3.912690650775286225e-04 5.687269945575026270e-04 -3.112943900345066280e-06
1.065046513659520023e-04 2.692041402503759148e-05 5.141141840637422728e-07 4.921874557139677189e-07 -6.639416645826277718e-06 3.066632283668969407e-04 6.253711683565935315e-05 -6.755107844586505304e-07
2.778591545977454098e-06 5.141141840637422728e-07 9.085293658000045623e-08 1.487755031463847289e-08 -1.538593150534538994e-07 8.329627709457794498e-06 1.548979535121093628e-06 -1.485020590850041577e-08
2.830188889170252200e-06 4.921874557139677189e-07 1.487755031463847289e-08 2.904562235299293670e-08 -1.782345290357697973e-07 -1.768279704033501909e-05 1.603038857980416254e-06 5.292047860319449420e-09
-3.378312722299361287e-05 -6.639416645826277718e-06 -1.538593150534538994e-07 -1.782345290357697973e-07 2.428973637876285583e-06 -4.400023039415925836e-06 -1.994982478759631226e-05 1.074900094317097286e-07
-3.912690650775286225e-04 3.066632283668969407e-04 8.329627709457794498e-06 -1.768279704033501909e-05 -4.400023039415925836e-06 4.350224591094146165e-01 -4.461057834165413545e-04 2.319011662710716870e-05
5.687269945575026270e-04 6.253711683565935315e-05 1.548979535121093628e-06 1.603038857980416254e-06 -1.994982478759631226e-05 -4.461057834165413002e-04 3.184851603850932518e-04 -7.871965277881841250e-06
-3.112943900345066280e-06 -6.755107844586505304e-07 -1.485020590850041577e-08 5.292047860319449420e-09 1.074900094317097286e-07 2.319011662710716870e-05 -7.871965277881841250e-06 6.108434166395355477e-06
