# logA n_s theta_s_1e2 omega_b omega_dmb log10sigma_dmb tau_reio A_planck
9.970989985873066758e-04 1.012524390217668966e-04 2.452158226615146540e-06 2.782905671428039626e-06 -3.451679719464041896e-05 -2.187057512304621098e-03 5.422294130368061210e-04 -6.432283088595132630e-07
1.012524390217668966e-04 2.430797399068496920e-05 4.938504633435481233e-07 4.651955975742050371e-07 -6.324454215435735566e-06 5.646932687557716071e-05 5.920387652408379265e-05 -2.876891906182548842e-07
2.452158226615146540e-06 4.938504633435481233e-07 8.250986925090049314e-08 1.581316164218320621e-08 -1.559845040418822894e-07 4.140735112954108403e-05 1.359540418398650489e-06 1.368917168114633650e-08
2.782905671428039626e-06 4.651955975742050371e-07 1.581316164218320621e-08 2.730333338123956366e-08 -1.778020176563350482e-07 -2.019932146225317986e-05 1.571357632139697064e-06 -4.044425032398424920e-09
-3.451679719464041896e-05 -6.324454215435735566e-06 -1.559845040418822894e-07 -1.778020176563350482e-07 2.516528861205670975e-06 9.086415670040660030e-05 -2.039518125894130811e-05 1.173508040622888642e-07
-2.187057512304621098e-03 5.646932687557716071e-05 4.140735112954108403e-05 -2.019932146225317986e-05 9.086415670040660030e-05 5.840740235615655251e+00 -1.308081752134855917e-03 -1.909596499860048105e-04
5.422294130368061210e-04 5.920387652408379265e-05 1.359540418398650489e-06 1.571357632139697064e-06 -2.039518125894130811e-05 -1.308081752134855917e-03 3.036377952407833198e-04 -6.396634660020177842e-06
-6.432283088595132630e-07 -2.876891906182548842e-07 1.368917168114633650e-08 -4.044425032398424920e-09 1.173508040622888642e-07 -1.909596499860048105e-04 -6.396634660020177842e-06 5.956675789364420915e-06
