# logA n_s theta_s_1e2 omega_b omega_dmb log10sigma_dmb tau_reio A_planck
1.070497979108066006e-03 1.142578139866446221e-04 3.246032020638424434e-06 3.006607884876734106e-06 -3.768620502995973708e-05 -6.887605696236628666e-04 5.782632220178146988e-04 4.079794642455607306e-06
1.142578139866446221e-04 2.850514747558769983e-05 6.551020288191671855e-07 5.061997841451591898e-07 -7.026083085847692681e-06 5.861108707649689571e-04 6.607277518233553126e-05 3.407631287614033756e-07
3.246032020638424434e-06 6.551020288191671855e-07 9.767105994129506555e-08 1.766272938211881404e-08 -2.056102353661558573e-07 1.274712687041664678e-05 1.829622803866194366e-06 1.317263172757145013e-08
3.006607884876734106e-06 5.061997841451591898e-07 1.766272938211881404e-08 2.918256375105868835e-08 -1.862285613730604301e-07 -4.185483910581091989e-05 1.682447734725998841e-06 1.175517421647992198e-08
-3.768620502995973708e-05 -7.026083085847692681e-06 -2.056102353661558573e-07 -1.862285613730604301e-07 2.611106485868499721e-06 1.037651474232415696e-05 -2.183500114863751054e-05 -1.610202236417922156e-07
-6.887605696236628666e-04 5.861108707649689571e-04 1.274712687041664678e-05 -4.185483910581091989e-05 1.037651474232415696e-05 4.601695775673439570e+00 -6.799525829323946812e-04 5.439791380784217472e-05
5.782632220178146988e-04 6.607277518233553126e-05 1.829622803866194366e-06 1.682447734725998841e-06 -2.183500114863751393e-05 -6.799525829323946812e-04 3.209335741935377944e-04 -3.695861453598068668e-06
4.079794642455607306e-06 3.407631287614033756e-07 1.317263172757145013e-08 1.175517421647992198e-08 -1.610202236417922156e-07 5.439791380784217472e-05 -3.695861453598068668e-06 5.868255892045726948e-06
