# logA n_s theta_s_1e2 omega_b omega_dmb log10sigma_dmb tau_reio A_planck
1.051007741499213879e-03 1.024787479417008465e-04 2.997231650043893362e-06 2.903207715543993501e-06 -3.488628907217634315e-05 1.807255957901358835e-04 5.665238157799931283e-04 1.878118876962776966e-06
1.024787479417008465e-04 2.818640266468663917e-05 5.725524176826742585e-07 5.130841467804034205e-07 -6.651666930779766129e-06 -8.701642703657147190e-04 5.965226356872706910e-05 6.730055450628970951e-08
2.997231650043893362e-06 5.725524176826742585e-07 9.487603562097133151e-08 1.746949743680703473e-08 -1.669462002038253257e-07 -1.437886107795044872e-05 1.648235667380327163e-06 8.732921988137743103e-09
2.903207715543993501e-06 5.130841467804034205e-07 1.746949743680703473e-08 2.748189498441516333e-08 -1.787710851446470459e-07 -4.335789351009603736e-06 1.615951088839273586e-06 9.464918283339506613e-09
-3.488628907217634315e-05 -6.651666930779766129e-06 -1.669462002038253257e-07 -1.787710851446470459e-07 2.489855954265189681e-06 3.345034955864181140e-05 -2.029628319161344972e-05 -1.210651948534952211e-07
1.807255957901358835e-04 -8.701642703657147190e-04 -1.437886107795044872e-05 -4.335789351009603736e-06 3.345034955864181140e-05 1.808667418397945426e+00 2.830807820782060770e-04 -3.231579052974847864e-05
5.665238157799931283e-04 5.965226356872706910e-05 1.648235667380327163e-06 1.615951088839273586e-06 -2.029628319161344972e-05 2.830807820782060770e-04 3.141900792275602750e-04 -5.176178702274516306e-06
1.878118876962776966e-06 6.730055450628970951e-08 8.732921988137743103e-09 9.464918283339506613e-09 -1.210651948534952211e-07 -3.231579052974847864e-05 -5.176178702274516306e-06 6.249340452101011458e-06
