# logA n_s theta_s_1e2 omega_b omega_dmb log10sigma_dmb tau_reio A_planck
1.027805847421660746e-03 1.076230212793487760e-04 2.759262384639483953e-06 2.849821976196643681e-06 -3.670890724957362564e-05 1.133304614450124587e-03 5.629823648360398084e-04 -3.412195559263945001e-06
1.076230212793487760e-04 2.801250477268223235e-05 6.315627215622039268e-07 4.934011077638051871e-07 -7.017355013911298297e-06 5.067283868864008636e-04 6.323528576195615823e-05 -5.111265139987040450e-07
2.759262384639483953e-06 6.315627215622039268e-07 9.720799485202572744e-08 1.658940379396994948e-08 -1.742788644680145866e-07 2.951905597096190432e-05 1.543043715512469923e-06 -9.122489818365146201e-09
2.849821976196643681e-06 4.934011077638051871e-07 1.658940379396994948e-08 2.881733801500185788e-08 -1.791312643401236407e-07 -1.254437040234825221e-05 1.611765467472102873e-06 3.776104991091566476e-09
-3.670890724957362564e-05 -7.017355013911298297e-06 -1.742788644680145866e-07 -1.791312643401236407e-07 2.585269362087889915e-06 -5.712610765747973431e-05 -2.160384548021345184e-05 1.346814518982114008e-07
1.133304614450124587e-03 5.067283868864008636e-04 2.951905597096190432e-05 -1.254437040234825221e-05 -5.712610765747973431e-05 4.461213631832164905e-01 3.848856806489706832e-04 1.058525055712446748e-05
5.629823648360398084e-04 6.323528576195615823e-05 1.543043715512469923e-06 1.611765467472102873e-06 -2.160384548021345184e-05 3.848856806489706832e-04 3.174738506659119256e-04 -8.176604557139424272e-06
-3.412195559263945001e-06 -5.111265139987040450e-07 -9.122489818365146201e-09 3.776104991091566476e-09 1.346814518982114008e-07 1.058525055712446748e-05 -8.176604557139424272e-06 6.260615245405478023e-06
