# logA n_s theta_s_1e2 omega_b omega_dmb log10sigma_dmb tau_reio A_planck
1.052381137054686847e-03 1.099272708591120826e-04 2.788891108384234503e-06 2.831553644282694815e-06 -3.578440970597682202e-05 -1.180141584965929864e-03 5.716217920049415776e-04 -1.451375414401214312e-07
1.099272708591120826e-04 2.817769415781921585e-05 5.520884109190842880e-07 5.229964034091495106e-07 -6.995793587332815901e-06 -8.624384346182999931e-04 6.403767561104178570e-05 9.008601999779687713e-08
2.788891108384234503e-06 5.520884109190842880e-07 9.327603195904661000e-08 1.571977643002478946e-08 -1.664836499288314428e-07 2.274235591054580991e-05 1.584573537133779828e-06 -1.215795670040338439e-08
2.831553644282694815e-06 5.229964034091495106e-07 1.571977643002478946e-08 2.752041879417293486e-08 -1.798862480527471503e-07 -9.337935220546540659e-06 1.591966593406992988e-06 2.634861572333428844e-09
-3.578440970597682202e-05 -6.995793587332815901e-06 -1.664836499288314428e-07 -1.798862480527471503e-07 2.561196946229570358e-06 9.335017027189020762e-05 -2.100551082103611840e-05 -4.823680519603405230e-09
-1.180141584965929864e-03 -8.624384346182999931e-04 2.274235591054580991e-05 -9.337935220546540659e-06 9.335017027189020762e-05 4.955470115926390307e+00 -5.357308978091453828e-04 7.398135192686606219e-05
5.716217920049415776e-04 6.403767561104178570e-05 1.584573537133779828e-06 1.591966593406992988e-06 -2.100551082103611840e-05 -5.357308978091453828e-04 3.195823074875781553e-04 -6.468726652384091445e-06
-1.451375414401214312e-07 9.008601999779687713e-08 -1.215795670040338439e-08 2.634861572333428844e-09 -4.823680519603405230e-09 7.398135192686606219e-05 -6.468726652384091445e-06 6.387440039626689300e-06
