# logA n_s theta_s_1e2 omega_b omega_dmb log10sigma_dmb tau_reio A_planck
1.079787115737564519e-03 1.032913826202980456e-04 2.873782832090335956e-06 2.776915522115852318e-06 -3.600600269705191934e-05 -1.929341219944909723e-04 5.862073203281729971e-04 -6.015944946936796692e-07
1.032913826202980456e-04 2.629586502822193266e-05 5.975959334177082313e-07 4.306910115077115108e-07 -6.371274692487726212e-06 1.067629742761220428e-03 6.008297620204735125e-05 -7.968085952458076757e-08
2.873782832090335956e-06 5.975959334177082313e-07 9.656390990801274610e-08 1.475990394399667993e-08 -1.653254674655412520e-07 1.794735141556334546e-05 1.579433642994681727e-06 1.986898776786833142e-08
2.776915522115852318e-06 4.306910115077115108e-07 1.475990394399667993e-08 2.618767336381760570e-08 -1.637135886731611116e-07 -2.958660516167313387e-05 1.546899000845313404e-06 7.519830232636729674e-09
-3.600600269705191934e-05 -6.371274692487726212e-06 -1.653254674655412520e-07 -1.637135886731611116e-07 2.438429322585129599e-06 -1.089708735035865421e-04 -2.093616394480374114e-05 -5.544504512292865645e-08
-1.929341219944909723e-04 1.067629742761220428e-03 1.794735141556334546e-05 -2.958660516167313387e-05 -1.089708735035865421e-04 7.326326330032773448e+00 -3.218730616295411781e-04 9.647335151659555837e-05
5.862073203281729971e-04 6.008297620204735125e-05 1.579433642994681727e-06 1.546899000845313404e-06 -2.093616394480374114e-05 -3.218730616295411781e-04 3.267766483355856607e-04 -6.262312799014728745e-06
-6.015944946936796692e-07 -7.968085952458076757e-08 1.986898776786833142e-08 7.519830232636729674e-09 -5.544504512292865645e-08 9.647335151659555837e-05 -6.262312799014728745e-06 5.928782988197396377e-06
