# logA n_s theta_s_1e2 omega_b omega_dmb log10sigma_dmb tau_reio A_planck
1.128068024388826328e-03 1.066148198760448826e-04 2.647564257061589151e-06 2.792425993317561435e-06 -3.649256525847577098e-05 -3.013851983906519309e-04 6.087256652361472658e-04 1.290879151223454564e-06
1.066148198760448826e-04 2.588580252745467113e-05 5.628884537853207536e-07 4.912436959947318360e-07 -6.616385304166563875e-06 8.531900375831555903e-05 6.200518905517037678e-05 3.197026873235799848e-09
2.647564257061589151e-06 5.628884537853207536e-07 9.589306680666365972e-08 1.581302780300097782e-08 -1.697450403352857914e-07 1.001116472848955820e-04 1.489278894724861114e-06 2.548322666229603491e-09
2.792425993317561435e-06 4.912436959947318360e-07 1.581302780300097782e-08 2.784775299345549221e-08 -1.785639945339510028e-07 -2.215923861794940721e-05 1.572037210182353095e-06 2.056219548639725905e-09
-3.649256525847577098e-05 -6.616385304166563875e-06 -1.697450403352857914e-07 -1.785639945339510028e-07 2.513932206705397095e-06 1.534120395694412711e-04 -2.132091070185391767e-05 1.220877337689937425e-08
-3.013851983906519309e-04 8.531900375831555903e-05 1.001116472848955820e-04 -2.215923861794940721e-05 1.534120395694412711e-04 1.627910411862904283e+01 -3.152364843845131197e-04 -3.099432654101806736e-04
6.087256652361472658e-04 6.200518905517037678e-05 1.489278894724861114e-06 1.572037210182353095e-06 -2.132091070185391767e-05 -3.152364843845131197e-04 3.379872648986361632e-04 -6.082239295497946851e-06
1.290879151223454564e-06 3.197026873235799848e-09 2.548322666229603491e-09 2.056219548639725905e-09 1.220877337689937425e-08 -3.099432654101806736e-04 -6.082239295497946851e-06 6.731592047017367255e-06
