# logA n_s theta_s_1e2 omega_b omega_dmb log10sigma_dmb tau_reio A_planck
1.111094181856470174e-03 1.107100116232171615e-04 2.782517343148215897e-06 2.832042160908665388e-06 -3.586958522153027150e-05 2.313918618717217962e-03 6.038200528643519228e-04 -3.553065635195121114e-06
1.107100116232171615e-04 2.732717174340381825e-05 6.133541820096798390e-07 5.040553600819826564e-07 -6.651321946960193951e-06 9.818074533381130481e-04 6.532189798265602802e-05 -1.114499950170774876e-06
2.782517343148215897e-06 6.133541820096798390e-07 8.489541247921039123e-08 1.431141964213941729e-08 -1.691184025176355670e-07 3.580718173776500555e-05 1.604566566714438950e-06 -2.634087519689631314e-08
2.832042160908665388e-06 5.040553600819826564e-07 1.431141964213941729e-08 2.548070022224165787e-08 -1.690765955539297549e-07 -5.758909619801521328e-06 1.602984743850010239e-06 -1.362285886856349413e-08
-3.586958522153027150e-05 -6.651321946960193951e-06 -1.691184025176355670e-07 -1.690765955539297549e-07 2.379803027098313563e-06 -2.165604512396014029e-04 -2.097647462942150309e-05 1.428071488769712709e-07
2.313918618717217962e-03 9.818074533381130481e-04 3.580718173776500555e-05 -5.758909619801521328e-06 -2.165604512396014029e-04 5.650138599688900420e+00 1.344371046954906564e-03 -1.669773647505319266e-04
6.038200528643520313e-04 6.532189798265602802e-05 1.604566566714438950e-06 1.602984743850010239e-06 -2.097647462942150309e-05 1.344371046954906564e-03 3.371196326608286013e-04 -8.263783950752359215e-06
-3.553065635195121114e-06 -1.114499950170774876e-06 -2.634087519689631314e-08 -1.362285886856349413e-08 1.428071488769712709e-07 -1.669773647505319266e-04 -8.263783950752359215e-06 6.265642423648670573e-06
