# logA n_s theta_s_1e2 omega_b omega_dmb log10sigma_dmb tau_reio A_planck
9.835657032579350062e-04 9.713411069833164074e-05 2.769979598469816198e-06 2.584968296950792794e-06 -3.278103433532990470e-05 -3.137418725228115733e-03 5.288447906002095335e-04 3.821181344214274798e-06
9.713411069833164074e-05 2.726112228439002704e-05 5.715686129347553021e-07 4.758304702397280100e-07 -6.587899640610534176e-06 5.701726775326535455e-04 5.678186608474162763e-05 3.205778690435669560e-07
2.769979598469816198e-06 5.715686129347553021e-07 9.024014940743403499e-08 1.451999228241030654e-08 -1.580553451321042136e-07 5.563101705685678469e-05 1.515914312947823725e-06 1.503591286333625181e-08
2.584968296950792794e-06 4.758304702397280100e-07 1.451999228241030654e-08 2.673672314847794802e-08 -1.756675768661477071e-07 -3.777547303345020919e-05 1.479489352843288956e-06 -3.251431943817276987e-09
-3.278103433532990470e-05 -6.587899640610534176e-06 -1.580553451321042136e-07 -1.756675768661477071e-07 2.478974318705176649e-06 1.655086355015194112e-04 -1.932788493331171441e-05 -1.060644753143694014e-07
-3.137418725228115733e-03 5.701726775326535455e-04 5.563101705685678469e-05 -3.777547303345020919e-05 1.655086355015194112e-04 5.392556948420288876e+00 -2.107029385435509310e-03 -7.437851251807008285e-05
5.288447906002095335e-04 5.678186608474162763e-05 1.515914312947823725e-06 1.479489352843288956e-06 -1.932788493331171441e-05 -2.107029385435509310e-03 2.933067234849000412e-04 -3.912949283401167928e-06
3.821181344214274798e-06 3.205778690435669560e-07 1.503591286333625181e-08 -3.251431943817276987e-09 -1.060644753143694014e-07 -7.437851251807008285e-05 -3.912949283401167928e-06 5.969424582923733890e-06
