# logA n_s theta_s_1e2 omega_b omega_dmb log10sigma_dmb tau_reio A_planck
1.038969547440079209e-03 1.052784628057439411e-04 2.757840564043602144e-06 2.767715305574625166e-06 -3.473220319940569190e-05 -6.736121783675769756e-04 5.613551051247370758e-04 1.561059768849789546e-06
1.052784628057439411e-04 2.772459886898863418e-05 5.746528117683543928e-07 5.095584204190750604e-07 -6.801339293567972566e-06 -1.101575645133259351e-03 6.135815833782447791e-05 1.423113488320053136e-07
2.757840564043602144e-06 5.746528117683543928e-07 9.341397507124266456e-08 1.684587770045560098e-08 -1.661143245176497978e-07 1.072108528995301883e-05 1.540138777716479160e-06 5.932334960801436990e-10
2.767715305574625166e-06 5.095584204190750604e-07 1.684587770045560098e-08 2.836567399462917518e-08 -1.817935573589469677e-07 -8.165693518333681862e-06 1.559955659759187243e-06 2.297719996323207202e-09
-3.473220319940569190e-05 -6.801339293567972566e-06 -1.661143245176497978e-07 -1.817935573589469677e-07 2.538124769910545020e-06 9.155587831109217767e-05 -2.032138878011923377e-05 -9.700225863763109673e-08
-6.736121783675764335e-04 -1.101575645133259351e-03 1.072108528995301883e-05 -8.165693518333681862e-06 9.155587831109217767e-05 1.071753928948512424e+01 -1.077039038243753500e-04 -1.271302784530682043e-04
5.613551051247370758e-04 6.135815833782447791e-05 1.540138777716479160e-06 1.559955659759187243e-06 -2.032138878011923377e-05 -1.077039038243753500e-04 3.120118933865355447e-04 -5.234769848104920430e-06
1.561059768849789546e-06 1.423113488320053136e-07 5.932334960801436990e-10 2.297719996323207202e-09 -9.700225863763109673e-08 -1.271302784530682043e-04 -5.234769848104920430e-06 6.110046831495749850e-06
