# logA n_s theta_s_1e2 omega_b omega_dmb log10sigma_dmb tau_reio A_planck
1.063569212495827461e-03 1.128901407591587081e-04 2.522998615884984661e-06 2.827229114583493212e-06 -3.705598059643238588e-05 -6.963577272075289690e-03 5.797462696402191310e-04 -1.203297533726790724e-06
1.128901407591587081e-04 2.838933378240842591e-05 5.131212434452272920e-07 5.160583819058376076e-07 -7.092606424975585529e-06 -1.952301655644757272e-03 6.577030894989174066e-05 6.463022378960663333e-08
2.522998615884984661e-06 5.131212434452272920e-07 8.904576723999268111e-08 1.455162135324745759e-08 -1.544689169221166390e-07 -5.411975253120487997e-05 1.417688952904702915e-06 -1.987006720909016915e-09
2.827229114583493212e-06 5.160583819058376076e-07 1.455162135324745759e-08 2.731678128619452478e-08 -1.818762637807732999e-07 -1.892872115446274766e-05 1.607394943377839408e-06 -1.080310969731850487e-08
-3.705598059643238588e-05 -7.092606424975585529e-06 -1.544689169221166390e-07 -1.818762637807732999e-07 2.620238895008919341e-06 1.786385062089067754e-04 -2.174367105440407972e-05 1.550568962932932346e-08
-6.963577272075289690e-03 -1.952301655644757272e-03 -5.411975253120488675e-05 -1.892872115446275443e-05 1.786385062089067754e-04 2.696869049636359250e+01 -3.000028055454987894e-03 -3.935906671037369743e-04
5.797462696402191310e-04 6.577030894989174066e-05 1.417688952904702915e-06 1.607394943377839408e-06 -2.174367105440407972e-05 -3.000028055454987894e-03 3.247279905189721515e-04 -6.726887100048380961e-06
-1.203297533726790724e-06 6.463022378960663333e-08 -1.987006720909016915e-09 -1.080310969731850487e-08 1.550568962932932346e-08 -3.935906671037369743e-04 -6.726887100048380961e-06 6.108948215411941090e-06
