# logA n_s theta_s_1e2 omega_b omega_dmb log10sigma_dmb tau_reio A_planck
1.135257606415946948e-03 1.188865393507038012e-04 2.850989910163235457e-06 2.940385206419358132e-06 -3.927566501225062903e-05 2.134778482845917265e-03 6.182232116666049179e-04 5.793042667007550383e-07
1.188865393507038012e-04 2.875285406204542896e-05 5.761541444415797473e-07 5.220144400338824954e-07 -7.144375371314439241e-06 -4.589567004943258493e-04 6.889440243149293653e-05 4.093134829822741934e-08
2.850989910163235457e-06 5.761541444415797473e-07 9.207961526922142281e-08 1.517146267864836495e-08 -1.670660522545584926e-07 8.547042010315781719e-06 1.621528529046394641e-06 -1.581441970477068310e-08
2.940385206419358132e-06 5.220144400338824954e-07 1.517146267864836495e-08 2.685515335178853622e-08 -1.801343040175502657e-07 -1.724013503221930057e-05 1.650280228006895230e-06 2.543292024747917574e-09
-3.927566501225062903e-05 -7.144375371314439241e-06 -1.670660522545584926e-07 -1.801343040175502657e-07 2.621720692747783896e-06 -2.806639185042201404e-06 -2.286816360747608639e-05 -1.078600388600329110e-08
2.134778482845917265e-03 -4.589567004943258493e-04 8.547042010315781719e-06 -1.724013503221930057e-05 -2.806639185042201404e-06 2.747366191724221807e+00 1.186329724458771908e-03 8.815694775342485423e-05
6.182232116666049179e-04 6.889440243149293653e-05 1.621528529046394641e-06 1.650280228006895230e-06 -2.286816360747608639e-05 1.186329724458771908e-03 3.455300244715602291e-04 -5.965275539705269888e-06
5.793042667007550383e-07 4.093134829822741934e-08 -1.581441970477068310e-08 2.543292024747917574e-09 -1.078600388600329110e-08 8.815694775342485423e-05 -5.965275539705269888e-06 6.248327220784226322e-06
