# logA n_s theta_s_1e2 omega_b omega_dmb log10sigma_dmb tau_reio A_planck
1.016174016560011072e-03 1.055161342767132402e-04 3.026834494992354951e-06 3.051324098340654494e-06 -3.643798765793236427e-05 3.621508513577315069e-03 5.548621217751385174e-04 -2.310522608956420480e-06
1.055161342767132402e-04 2.817250864051705860e-05 5.501801832330351181e-07 5.034159061380935972e-07 -6.837873173408346312e-06 1.500333463882598962e-03 6.170424968141492467e-05 -1.263922664527126900e-07
3.026834494992354951e-06 5.501801832330351181e-07 9.335799676069888247e-08 1.613369994904257836e-08 -1.646630424114086574e-07 9.497131969854387900e-05 1.630066937472794194e-06 2.201756806332016333e-08
3.051324098340654494e-06 5.034159061380935972e-07 1.613369994904257836e-08 2.858458094945020494e-08 -1.883510128732708590e-07 1.985108037981849011e-05 1.720548856465420322e-06 -5.700517611578789984e-09
-3.643798765793236427e-05 -6.837873173408346312e-06 -1.646630424114086574e-07 -1.883510128732708590e-07 2.580398456146419183e-06 -2.074655509023544354e-04 -2.145471696435483384e-05 1.399218927928395733e-07
3.621508513577315069e-03 1.500333463882598962e-03 9.497131969854387900e-05 1.985108037981849011e-05 -2.074655509023544354e-04 7.432237938730478888e+00 1.519840732118362845e-03 3.735592976879653756e-05
5.548621217751386258e-04 6.170424968141492467e-05 1.630066937472794194e-06 1.720548856465420322e-06 -2.145471696435483384e-05 1.519840732118362845e-03 3.119919908440908730e-04 -7.480533608551755292e-06
-2.310522608956420480e-06 -1.263922664527126900e-07 2.201756806332016333e-08 -5.700517611578789984e-09 1.399218927928395733e-07 3.735592976879653756e-05 -7.480533608551755292e-06 6.098605748947632968e-06
