# logA n_s theta_s_1e2 omega_b omega_dmb log10sigma_dmb tau_reio A_planck
1.133254635463593627e-03 1.079683777811214155e-04 2.558692181835645087e-06 2.945009383980686293e-06 -3.556629837716527881e-05 2.417018527997590418e-04 6.131756195005110942e-04 -1.494093632820266706e-06
1.079683777811214155e-04 2.608554892985325132e-05 5.031138949914476183e-07 4.476425622525344886e-07 -6.395227296536657316e-06 3.848036836602483895e-04 6.205689118955504428e-05 1.833977993365242818e-07
2.558692181835645087e-06 5.031138949914476183e-07 1.008473017217975871e-07 1.169096650868140893e-08 -1.530188094406898257e-07 1.454323544440657346e-05 1.413108638840281316e-06 1.125865927965036665e-08
2.945009383980686293e-06 4.476425622525344886e-07 1.169096650868140893e-08 2.837527794767388150e-08 -1.675546016598083074e-07 -2.211629909524777504e-05 1.661771971497278842e-06 -7.248356409758818859e-09
-3.556629837716527881e-05 -6.395227296536657316e-06 -1.530188094406898257e-07 -1.675546016598083074e-07 2.432248591210472820e-06 -2.018368927983768779e-05 -2.079907380195804994e-05 5.077911750738639565e-08
2.417018527997590418e-04 3.848036836602483895e-04 1.454323544440657346e-05 -2.211629909524777504e-05 -2.018368927983768779e-05 6.260153584550176564e-01 -1.724566239296402160e-04 8.956480343276404217e-05
6.131756195005110942e-04 6.205689118955504428e-05 1.413108638840281316e-06 1.661771971497278842e-06 -2.079907380195804994e-05 -1.724566239296402160e-04 3.410585046429346853e-04 -7.283252851971068606e-06
-1.494093632820266706e-06 1.833977993365242818e-07 1.125865927965036665e-08 -7.248356409758818859e-09 5.077911750738639565e-08 8.956480343276404217e-05 -7.283252851971068606e-06 6.416427290388150082e-06
