# logA n_s theta_s_1e2 omega_b omega_dmb log10sigma_dmb tau_reio A_planck
7.177258795486354251e-04 7.204295746279689838e-05 1.933147278158771186e-06 1.816828800895157321e-06 -2.414146302615984818e-05 -2.506531111598254719e-03 3.862988894900354266e-04 2.755007588272943116e-06
7.204295746279689838e-05 1.887766334355018964e-05 3.584725516867234874e-07 3.206438855160483666e-07 -4.767308432399308445e-06 -1.124819937012559333e-03 4.209014558367513891e-05 3.287236932801504802e-07
1.933147278158771186e-06 3.584725516867234874e-07 6.188751310883282649e-08 1.013676763586078963e-08 -1.108178010523951548e-07 -2.666750205183562509e-05 1.077125787066494920e-06 3.002527582159481388e-10
1.816828800895157321e-06 3.206438855160483666e-07 1.013676763586078963e-08 1.764521088325839999e-08 -1.167380439664657244e-07 -1.803026986318356605e-05 1.014817402550774310e-06 8.506339183630402527e-09
-2.414146302615984818e-05 -4.767308432399308445e-06 -1.108178010523951548e-07 -1.167380439664657244e-07 1.794532176848913964e-06 1.389839741820527558e-04 -1.417650365663029188e-05 -9.935540261648858613e-08
-2.506531111598254719e-03 -1.124819937012559333e-03 -2.666750205183562509e-05 -1.803026986318356605e-05 1.389839741820527558e-04 8.727426978846413164e+00 -1.255635732393634843e-03 -4.115885508918993354e-05
3.862988894900353724e-04 4.209014558367513891e-05 1.077125787066494920e-06 1.014817402550774310e-06 -1.417650365663029188e-05 -1.255635732393634409e-03 2.140918710889593674e-04 -2.728150116164922269e-06
2.755007588272943116e-06 3.287236932801504802e-07 3.002527582159481388e-10 8.506339183630402527e-09 -9.935540261648858613e-08 -4.115885508918991321e-05 -2.728150116164922269e-06 4.434336460555382309e-06
