# logA n_s theta_s_1e2 omega_b omega_dmb log10sigma_dmb tau_reio A_planck
1.101192077866546513e-03 1.103523418964977429e-04 2.611617128191102061e-06 2.883929212761378557e-06 -3.493072029514844297e-05 -7.535113407362004773e-03 5.935902581550469952e-04 1.359115487611390920e-06
1.103523418964977429e-04 2.936801405497759738e-05 5.273670284241023647e-07 5.183102096959655252e-07 -6.928502100795549673e-06 -1.918838375868692908e-03 6.441736356641191070e-05 4.212266390281098782e-08
2.611617128191102061e-06 5.273670284241023647e-07 9.594237381349245711e-08 1.549743410306594574e-08 -1.511467802846416296e-07 -3.776839480670419010e-05 1.435885659581966326e-06 9.049579556131308323e-09
2.883929212761378557e-06 5.183102096959655252e-07 1.549743410306594574e-08 2.861518307152020024e-08 -1.767360341120554902e-07 -2.563120966479110233e-05 1.591524332249731668e-06 2.337446648416582040e-08
-3.493072029514844297e-05 -6.928502100795549673e-06 -1.511467802846416296e-07 -1.767360341120554902e-07 2.460416393947027989e-06 1.765003693419961222e-04 -2.037619509004770280e-05 -1.157926305133034793e-07
-7.535113407362004773e-03 -1.918838375868692908e-03 -3.776839480670419688e-05 -2.563120966479110233e-05 1.765003693419961222e-04 1.993884285487365204e+01 -4.040949642708905470e-03 3.120599435391068735e-04
5.935902581550469952e-04 6.441736356641191070e-05 1.435885659581966326e-06 1.591524332249731668e-06 -2.037619509004770280e-05 -4.040949642708905470e-03 3.292104689904264917e-04 -5.718158601373631963e-06
1.359115487611390920e-06 4.212266390281098782e-08 9.049579556131308323e-09 2.337446648416582040e-08 -1.157926305133034793e-07 3.120599435391068735e-04 -5.718158601373631963e-06 6.445082371448699640e-06
