# logA n_s theta_s_1e2 omega_b omega_dmb log10sigma_dmb tau_reio A_planck
1.060748276195122141e-03 1.115273286641948092e-04 2.979936058381541526e-06 2.598988158942292016e-06 -3.609974666395452959e-05 1.476023718054557572e-03 5.787849338626218287e-04 -2.539893727707654769e-06
1.115273286641948092e-04 2.834831011230957398e-05 6.705132715017977173e-07 4.581769058516564634e-07 -6.497502449997441366e-06 1.296761434848306242e-03 6.449147472578121727e-05 -4.282514614244829837e-07
2.979936058381541526e-06 6.705132715017977173e-07 1.006451837635621659e-07 1.668747288186115274e-08 -1.716919866062979005e-07 5.698319356539771206e-05 1.619349582891374458e-06 1.670373432548483073e-08
2.598988158942292016e-06 4.581769058516564634e-07 1.668747288186115274e-08 2.425477570934825673e-08 -1.610281946369045011e-07 -3.909763855704011533e-06 1.476555732945796894e-06 -1.262977808138593152e-08
-3.609974666395452959e-05 -6.497502449997441366e-06 -1.716919866062979005e-07 -1.610281946369045011e-07 2.422857285397233547e-06 1.176301727403122177e-04 -2.122771340989756513e-05 1.465521308468544312e-07
1.476023718054557572e-03 1.296761434848306242e-03 5.698319356539771206e-05 -3.909763855704011533e-06 1.176301727403122177e-04 3.957141450040984054e+00 -3.824678927941794018e-04 3.876171899193080759e-04
5.787849338626218287e-04 6.449147472578121727e-05 1.619349582891374458e-06 1.476555732945796894e-06 -2.122771340989756513e-05 -3.824678927941794018e-04 3.252223690405821213e-04 -7.737605929433910470e-06
-2.539893727707654769e-06 -4.282514614244829837e-07 1.670373432548483073e-08 -1.262977808138593152e-08 1.465521308468544312e-07 3.876171899193080759e-04 -7.737605929433910470e-06 6.191054673785289444e-06
