# logA n_s theta_s_1e2 omega_b omega_dmb log10sigma_dmb tau_reio A_planck
1.081259048294509664e-03 1.108054203591184248e-04 2.960568468379212040e-06 2.935312012336076029e-06 -3.714279105616090165e-05 4.903187484144148640e-04 5.884026629484785794e-04 -9.483504606599894042e-07
1.108054203591184248e-04 2.789112939835920613e-05 5.933516806049824387e-07 5.270850882502220157e-07 -6.944724064408864309e-06 9.709959607488282207e-07 6.475757348778635647e-05 -1.156956721213067322e-07
2.960568468379212040e-06 5.933516806049824387e-07 1.062127105703508193e-07 1.690628015600215333e-08 -1.648487246437205560e-07 5.612620878419579448e-05 1.655626415392430022e-06 3.575727167459942604e-09
2.935312012336076029e-06 5.270850882502220157e-07 1.690628015600215333e-08 2.798057903310360501e-08 -1.857334204304492806e-07 4.319141160544590610e-06 1.657298398889147329e-06 -7.723757550475161347e-10
-3.714279105616090165e-05 -6.944724064408864309e-06 -1.648487246437205560e-07 -1.857334204304492806e-07 2.614158875010556465e-06 5.103702139892696846e-05 -2.173028163159054977e-05 7.416195143427148609e-09
4.903187484144148640e-04 9.709959607488282207e-07 5.612620878419579448e-05 4.319141160544590610e-06 5.103702139892696846e-05 1.147515843698929672e+00 2.301530178102962102e-04 4.652512367130831437e-05
5.884026629484785794e-04 6.475757348778635647e-05 1.655626415392430022e-06 1.657298398889147329e-06 -2.173028163159054977e-05 2.301530178102962102e-04 3.290798303031568749e-04 -6.811970312760041867e-06
-9.483504606599894042e-07 -1.156956721213067322e-07 3.575727167459942604e-09 -7.723757550475161347e-10 7.416195143427148609e-09 4.652512367130831437e-05 -6.811970312760041867e-06 6.307476210431459162e-06
