# logA n_s theta_s_1e2 omega_b omega_dmb log10sigma_dmb tau_reio A_planck
1.065268744900590503e-03 1.064942261910069245e-04 2.883563107461862411e-06 2.873761363441366045e-06 -3.432650986354690695e-05 1.760249466107091697e-03 5.745887368551891783e-04 1.114628113740381447e-06
1.064942261910069245e-04 2.647299921846450437e-05 5.855684460521630908e-07 5.030430301234794205e-07 -6.235137316056109234e-06 6.384659518100853446e-04 6.116768477424642701e-05 2.793041277242582826e-07
2.883563107461862411e-06 5.855684460521630908e-07 1.015812743090038424e-07 1.685211848295040535e-08 -1.475932644682611958e-07 1.010205847982655362e-04 1.527263380410329981e-06 3.860215277357586049e-08
2.873761363441366045e-06 5.030430301234794205e-07 1.685211848295040535e-08 2.744012512159346854e-08 -1.723302088150706044e-07 3.375824856997138087e-06 1.586933233199682682e-06 1.823969555184983519e-08
-3.432650986354690695e-05 -6.235137316056109234e-06 -1.475932644682611958e-07 -1.723302088150706044e-07 2.363895720271195039e-06 8.041148733949864396e-05 -1.995557574918734422e-05 -6.131229034059057811e-08
1.760249466107091697e-03 6.384659518100853446e-04 1.010205847982655362e-04 3.375824856997138087e-06 8.041148733949864396e-05 2.110137905816878767e+00 6.877172258271985368e-04 4.385200852272731142e-06
5.745887368551891783e-04 6.116768477424642701e-05 1.527263380410329981e-06 1.586933233199682682e-06 -1.995557574918734422e-05 6.877172258271985368e-04 3.186756112730509830e-04 -5.584110742951741292e-06
1.114628113740381447e-06 2.793041277242582826e-07 3.860215277357586049e-08 1.823969555184983519e-08 -6.131229034059057811e-08 4.385200852272731142e-06 -5.584110742951741292e-06 6.126187190385524728e-06
