# logA n_s theta_s_1e2 omega_b omega_dmb log10sigma_dmb tau_reio A_planck
9.945267484752977165e-04 9.428289426319054673e-05 2.659960125028237994e-06 2.379310056920331665e-06 -3.429475999766004059e-05 -4.028392505658740137e-03 5.334737951777190467e-04 6.159512067338234553e-06
9.428289426319054673e-05 2.500754177822935153e-05 6.181187642818105567e-07 4.452650084033627140e-07 -6.418761970177171517e-06 -2.267288476627700097e-03 5.431808625646081999e-05 8.756820475069692608e-07
2.659960125028237994e-06 6.181187642818105567e-07 8.937334707992318712e-08 1.731891811159844180e-08 -1.782715938558622623e-07 -8.718126210499308230e-05 1.449483315318361556e-06 4.478316959878596275e-08
2.379310056920331665e-06 4.452650084033627140e-07 1.731891811159844180e-08 2.439535217161362390e-08 -1.677210507452680726e-07 -4.648043439135583478e-05 1.321617944339514156e-06 2.440411603512680566e-08
-3.429475999766004059e-05 -6.418761970177171517e-06 -1.782715938558622623e-07 -1.677210507452680726e-07 2.520700638524241659e-06 3.165885200927589789e-04 -1.980183075871889620e-05 -3.239877611860462960e-07
-4.028392505658740137e-03 -2.267288476627700097e-03 -8.718126210499308230e-05 -4.648043439135583478e-05 3.165885200927589789e-04 8.845352514625833606e+00 -1.544785411423756517e-03 -5.121097643662646855e-04
5.334737951777190467e-04 5.431808625646081999e-05 1.449483315318361556e-06 1.321617944339514156e-06 -1.980183075871889620e-05 -1.544785411423756517e-03 2.945348180022684019e-04 -2.558782250593211216e-06
6.159512067338234553e-06 8.756820475069692608e-07 4.478316959878596275e-08 2.440411603512680566e-08 -3.239877611860462960e-07 -5.121097643662646855e-04 -2.558782250593211216e-06 5.976130337943867961e-06
