# logA n_s theta_s_1e2 omega_b omega_dmb log10sigma_dmb tau_reio A_planck
1.073820230937652534e-03 1.071297221046678600e-04 2.762664675417100737e-06 2.964608799423382437e-06 -3.716440537476812134e-05 8.890352312409811582e-04 5.843302278850704985e-04 -1.259137223867243758e-07
1.071297221046678600e-04 2.856505704923895461e-05 6.952665960665527467e-07 4.694183439337295771e-07 -6.708581625055170824e-06 1.094634133119470019e-03 6.195644889756775949e-05 -3.090136383259505607e-07
2.762664675417100737e-06 6.952665960665527467e-07 1.044770530400347841e-07 1.352222518260611150e-08 -1.539749751987024839e-07 7.089282622193838470e-05 1.483684169229345331e-06 -1.185393698689751492e-08
2.964608799423382437e-06 4.694183439337295771e-07 1.352222518260611150e-08 2.886031719034401983e-08 -1.877784328687417212e-07 -2.573457413247661848e-05 1.697277967129461415e-06 -2.938545864445695142e-09
-3.716440537476812134e-05 -6.708581625055170824e-06 -1.539749751987024839e-07 -1.877784328687417212e-07 2.657677901305749852e-06 9.088843258980561213e-05 -2.191557073965820106e-05 -6.901055438247340461e-09
8.890352312409811582e-04 1.094634133119470019e-03 7.089282622193838470e-05 -2.573457413247661848e-05 9.088843258980561213e-05 1.208934655984650108e+00 -1.621866213378012869e-04 -1.058012268999530624e-05
5.843302278850704985e-04 6.195644889756775949e-05 1.483684169229345331e-06 1.697277967129461415e-06 -2.191557073965820106e-05 -1.621866213378012869e-04 3.274180292417510035e-04 -6.133162026589916195e-06
-1.259137223867243758e-07 -3.090136383259505607e-07 -1.185393698689751492e-08 -2.938545864445695142e-09 -6.901055438247340461e-09 -1.058012268999530624e-05 -6.133162026589916195e-06 6.089708078306012870e-06
