# logA n_s theta_s_1e2 omega_b omega_dmb log10sigma_dmb tau_reio A_planck
1.149769651260235549e-03 1.178529456942343574e-04 3.054659078122531947e-06 2.866267796689188836e-06 -3.777564964856056995e-05 4.187652256192980066e-03 6.208336730474704008e-04 -3.737780641798379268e-07
1.178529456942343574e-04 2.896568083535078553e-05 6.178722701216363024e-07 5.026830956447119836e-07 -6.847139405360585902e-06 1.689800829867132027e-03 6.784060434982680261e-05 -2.753696104821241373e-07
3.054659078122531947e-06 6.178722701216363024e-07 9.558093228184215865e-08 1.714572374036284353e-08 -1.558475550831932276e-07 8.100876744899714141e-05 1.687459183267065463e-06 -3.155351422186975526e-08
2.866267796689188836e-06 5.026830956447119836e-07 1.714572374036284353e-08 2.713044984711021215e-08 -1.766710672544706796e-07 3.088866448441895425e-06 1.628551454120425256e-06 -1.475980370028967843e-08
-3.777564964856056995e-05 -6.847139405360585902e-06 -1.558475550831932276e-07 -1.766710672544706796e-07 2.561140980577321488e-06 -1.477874434783200389e-04 -2.199957620126375568e-05 -3.441867845758149373e-08
4.187652256192980066e-03 1.689800829867132027e-03 8.100876744899714141e-05 3.088866448441895425e-06 -1.477874434783200389e-04 3.884831355942961473e+00 1.931756672610856736e-03 -9.274172097206325848e-05
6.208336730474704008e-04 6.784060434982680261e-05 1.687459183267065463e-06 1.628551454120425256e-06 -2.199957620126375568e-05 1.931756672610857170e-03 3.443972668617575482e-04 -6.409728260603129212e-06
-3.737780641798379268e-07 -2.753696104821241373e-07 -3.155351422186975526e-08 -1.475980370028967843e-08 -3.441867845758149373e-08 -9.274172097206325848e-05 -6.409728260603129212e-06 6.264193479934541455e-06
