# logA n_s theta_s_1e2 omega_b omega_dmb log10sigma_dmb tau_reio A_planck
1.023737348437803174e-03 1.089481458017089777e-04 2.023753879200729539e-06 2.751431095276815307e-06 -3.579319507629510471e-05 1.135509199767299965e-03 5.646350272440274183e-04 -6.695832090296459476e-06
1.089481458017089777e-04 2.745601482482266698e-05 4.801937137881086068e-07 5.001046566430604653e-07 -6.704950209645227645e-06 -4.497941747214323602e-04 6.375008598027239912e-05 -3.939244401680523248e-07
2.023753879200729539e-06 4.801937137881086068e-07 8.779904490274401650e-08 1.368095776110889747e-08 -1.496410136407409620e-07 2.711458005527163218e-05 1.140458479666563020e-06 1.052229271968572450e-08
2.751431095276815307e-06 5.001046566430604653e-07 1.368095776110889747e-08 2.697841743571280080e-08 -1.838464808136849538e-07 -9.163139139891452394e-06 1.557739785944683497e-06 2.999727109876669945e-09
-3.579319507629510471e-05 -6.704950209645227645e-06 -1.496410136407409620e-07 -1.838464808136849538e-07 2.570435787100613853e-06 -1.023717699132770798e-04 -2.121331686881996223e-05 1.704559254015750318e-07
1.135509199767299965e-03 -4.497941747214323602e-04 2.711458005527163218e-05 -9.163139139891452394e-06 -1.023717699132770798e-04 4.971095569447848916e+00 8.892862369532671032e-04 5.568820444488530307e-05
5.646350272440274183e-04 6.375008598027239912e-05 1.140458479666563020e-06 1.557739785944683497e-06 -2.121331686881996223e-05 8.892862369532674284e-04 3.198868413280039750e-04 -9.585787618318372962e-06
-6.695832090296459476e-06 -3.939244401680523248e-07 1.052229271968572450e-08 2.999727109876669945e-09 1.704559254015750318e-07 5.568820444488530307e-05 -9.585787618318372962e-06 6.030402674175186808e-06
