# logA n_s theta_s_1e2 omega_b omega_dmb log10sigma_dmb tau_reio A_planck
1.032351179735874550e-03 1.139614088871385866e-04 3.322931568078630215e-06 2.930429904193830770e-06 -3.552969146965681302e-05 9.251312032485878170e-04 5.591964115083617598e-04 -7.846116787384991034e-07
1.139614088871385866e-04 3.226998226763526406e-05 8.531817230213275722e-07 5.436428087428421091e-07 -7.185102907412996001e-06 2.167525543688505682e-03 6.553774011569893105e-05 -4.850056467901604636e-07
3.322931568078630215e-06 8.531817230213275722e-07 1.122733768123771001e-07 1.796005140660407421e-08 -1.958918991332871150e-07 1.153023281264348518e-04 1.814207321962860587e-06 -3.198931857055244473e-08
2.930429904193830770e-06 5.436428087428421091e-07 1.796005140660407421e-08 2.782652368929255097e-08 -1.850706108798192283e-07 -1.595018233957030366e-05 1.653465930201547468e-06 -3.073682619373702853e-09
-3.552969146965681302e-05 -7.185102907412996001e-06 -1.958918991332871150e-07 -1.850706108798192283e-07 2.529803841158649872e-06 -1.925658239566355902e-05 -2.064944942227148417e-05 -4.433023738141131948e-08
9.251312032485878170e-04 2.167525543688505682e-03 1.153023281264348518e-04 -1.595018233957030366e-05 -1.925658239566355902e-05 4.571230440247073368e+00 -7.311381221486211522e-05 -1.511928921987504249e-04
5.591964115083617598e-04 6.553774011569893105e-05 1.814207321962860587e-06 1.653465930201547468e-06 -2.064944942227148417e-05 -7.311381221486211522e-05 3.116674230621676103e-04 -6.455979098640706615e-06
-7.846116787384991034e-07 -4.850056467901604636e-07 -3.198931857055244473e-08 -3.073682619373702853e-09 -4.433023738141131948e-08 -1.511928921987504249e-04 -6.455979098640706615e-06 6.172494745564418371e-06
