# logA n_s theta_s_1e2 omega_b omega_dmb log10sigma_dmb tau_reio A_planck
1.028187107094771487e-03 1.059481714175593829e-04 3.236392439116945860e-06 2.752732988520079228e-06 -3.485909654182794395e-05 7.128595505947240424e-03 5.532981856169848093e-04 3.948945729770083153e-06
1.059481714175593829e-04 2.637340298178518885e-05 6.307884935088138942e-07 4.805394862408828049e-07 -6.477103864664688603e-06 -2.258152877908967560e-03 6.113076839090242549e-05 3.005355703383367102e-07
3.236392439116945860e-06 6.307884935088138942e-07 1.019592691172855715e-07 1.545154572236888027e-08 -1.781270174626971204e-07 -2.963449544126915453e-05 1.747740207888315495e-06 5.433878819090561541e-08
2.752732988520079228e-06 4.805394862408828049e-07 1.545154572236888027e-08 2.744197607906880918e-08 -1.717899845141897624e-07 -4.431948409543442732e-05 1.514367953686453037e-06 3.058007631115677656e-08
-3.485909654182794395e-05 -6.477103864664688603e-06 -1.781270174626971204e-07 -1.717899845141897624e-07 2.449582865205397666e-06 4.765911795310663824e-05 -2.008840053513339557e-05 -2.783146272293799214e-07
7.128595505947240424e-03 -2.258152877908967560e-03 -2.963449544126914775e-05 -4.431948409543442732e-05 4.765911795310658403e-05 7.448363400882229257e+01 1.833687771812212309e-03 1.704851201047257901e-03
5.532981856169848093e-04 6.113076839090242549e-05 1.747740207888315495e-06 1.514367953686453037e-06 -2.008840053513339557e-05 1.833687771812212309e-03 3.062549094754762652e-04 -4.055045332649972259e-06
3.948945729770083153e-06 3.005355703383367102e-07 5.433878819090561541e-08 3.058007631115677656e-08 -2.783146272293799214e-07 1.704851201047257901e-03 -4.055045332649972259e-06 6.355092965001366410e-06
