# logA n_s theta_s_1e2 omega_b omega_dmb log10sigma_dmb tau_reio A_planck
1.146946259062682797e-03 1.116325984509953883e-04 2.261404908376509616e-06 3.107444648079014050e-06 -3.822379008615795946e-05 -1.816927766603639591e-03 6.166979827524274316e-04 3.504119511978544328e-06
1.116325984509953883e-04 2.673121646817661737e-05 4.741905406510511092e-07 4.935142531113065341e-07 -6.860886081489206889e-06 -1.820434125011245611e-03 6.419952898928981745e-05 6.000005889305800302e-07
2.261404908376509616e-06 4.741905406510511092e-07 8.555189363499854429e-08 1.511553990522148008e-08 -1.599545430685810965e-07 3.003342686423071518e-05 1.323698358660796343e-06 -3.669930736804475428e-08
3.107444648079014050e-06 4.935142531113065341e-07 1.511553990522148008e-08 2.960838147443255568e-08 -1.876804098859184548e-07 -2.035239725073174766e-05 1.681193415613734485e-06 4.852630376052965576e-08
-3.822379008615795946e-05 -6.860886081489206889e-06 -1.599545430685810965e-07 -1.876804098859184548e-07 2.703469562086658618e-06 4.233495342810734865e-04 -2.212147207297353668e-05 -2.338378086776661130e-07
-1.816927766603639591e-03 -1.820434125011245611e-03 3.003342686423071518e-05 -2.035239725073174766e-05 4.233495342810734865e-04 1.271571969357131771e+01 -1.143976075676720423e-03 -4.484088582440804523e-05
6.166979827524274316e-04 6.419952898928981745e-05 1.323698358660796343e-06 1.681193415613734485e-06 -2.212147207297353668e-05 -1.143976075676720423e-03 3.415089775786555280e-04 -5.132190729801141024e-06
3.504119511978544328e-06 6.000005889305800302e-07 -3.669930736804475428e-08 4.852630376052965576e-08 -2.338378086776661130e-07 -4.484088582440804523e-05 -5.132190729801141024e-06 6.989446785161788521e-06
