# logA n_s theta_s_1e2 omega_b omega_dmb log10sigma_dmb tau_reio A_planck
1.047967674663797394e-03 1.047174547870315277e-04 3.183048899230548274e-06 2.632323183355006021e-06 -3.432756088106207954e-05 1.142165776539489719e-03 5.684504908464322595e-04 -1.274165673425654075e-06
1.047174547870315277e-04 2.898376481978020097e-05 7.112394854354236850e-07 4.723402092915633221e-07 -6.642249564280074326e-06 1.349288957540651940e-03 6.104703568661555514e-05 -3.635394620055580106e-07
3.183048899230548274e-06 7.112394854354236850e-07 1.116060710498043525e-07 1.446205952566612054e-08 -1.487684193985333530e-07 1.100075545852503280e-04 1.697847618547922547e-06 -1.575148643933433677e-08
2.632323183355006021e-06 4.723402092915633221e-07 1.446205952566612054e-08 2.682483290179726660e-08 -1.750272227472707377e-07 -5.545074825385850733e-06 1.488558208026809911e-06 4.145204509969801855e-09
-3.432756088106207954e-05 -6.642249564280074326e-06 -1.487684193985333530e-07 -1.750272227472707377e-07 2.548498275257715729e-06 9.158610828842652523e-05 -2.027294048518950807e-05 -4.032551199375380355e-08
1.142165776539489719e-03 1.349288957540651940e-03 1.100075545852503280e-04 -5.545074825385850733e-06 9.158610828842652523e-05 2.082900476791708311e+00 7.014430814505389126e-05 -2.494487030682146726e-06
5.684504908464322595e-04 6.104703568661555514e-05 1.697847618547922547e-06 1.488558208026809911e-06 -2.027294048518950807e-05 7.014430814505383705e-05 3.174166054643174609e-04 -6.746564424647183607e-06
-1.274165673425654075e-06 -3.635394620055580106e-07 -1.575148643933433677e-08 4.145204509969801855e-09 -4.032551199375380355e-08 -2.494487030682146726e-06 -6.746564424647183607e-06 6.174883422702278570e-06
