# logA n_s theta_s_1e2 omega_b omega_dmb log10sigma_dmb tau_reio A_planck
1.059015915319895789e-03 1.065554318775040541e-04 2.800471400594472848e-06 2.508904343600027133e-06 -3.554439342280302005e-05 -2.655522091498308934e-03 5.754551911950119697e-04 -1.095872911073206573e-06
1.065554318775040541e-04 2.827654230014344243e-05 5.585349874276480860e-07 4.647270886256167129e-07 -6.691410188766500557e-06 -2.299239156233606144e-03 6.301227580209870123e-05 -8.233026557983701795e-07
2.800471400594472848e-06 5.585349874276480860e-07 9.735413167707477872e-08 1.453555848843000158e-08 -1.525257978261527151e-07 -2.012471986550263883e-05 1.568417659637105880e-06 -1.789958843418517041e-08
2.508904343600027133e-06 4.647270886256167129e-07 1.453555848843000158e-08 2.529640842552485957e-08 -1.603744899912569868e-07 -4.194970286511845729e-05 1.431064580769880735e-06 -1.803283664880043768e-08
-3.554439342280302005e-05 -6.691410188766500557e-06 -1.525257978261527151e-07 -1.603744899912569868e-07 2.421276496088860831e-06 4.403471576308907662e-04 -2.093425159666173751e-05 1.917140129063548294e-07
-2.655522091498308934e-03 -2.299239156233606144e-03 -2.012471986550263883e-05 -4.194970286511845729e-05 4.403471576308907662e-04 6.526652201025581412e+00 -1.356190539005301720e-03 -2.422738795638141869e-04
5.754551911950119697e-04 6.301227580209870123e-05 1.568417659637105880e-06 1.431064580769880735e-06 -2.093425159666173751e-05 -1.356190539005301720e-03 3.220309610929044850e-04 -7.161986743947021880e-06
-1.095872911073206573e-06 -8.233026557983701795e-07 -1.789958843418517041e-08 -1.803283664880043768e-08 1.917140129063548294e-07 -2.422738795638141869e-04 -7.161986743947021880e-06 6.379485741499168713e-06
