# logA n_s theta_s_1e2 omega_b omega_dmb log10sigma_dmb tau_reio A_planck
1.083629607296563531e-03 1.064052243056697500e-04 2.688537253851437624e-06 2.791679169729679098e-06 -3.509100202700120682e-05 -2.890031018006813859e-03 5.881285228570657395e-04 -1.798714068520238985e-06
1.064052243056697500e-04 2.711840162150255831e-05 5.386329239134171577e-07 4.876680051774159093e-07 -6.624179028698220041e-06 -1.386075588241650553e-03 6.215337445954003520e-05 -1.489654335300452860e-07
2.688537253851437624e-06 5.386329239134171577e-07 8.842808357411019606e-08 1.588383422163407040e-08 -1.491189359289490826e-07 -4.737234399129542267e-05 1.478142204509239676e-06 9.999379315268456305e-09
2.791679169729679098e-06 4.876680051774159093e-07 1.588383422163407040e-08 2.608037555243808743e-08 -1.709410825530878198e-07 -3.047917398428256171e-05 1.568423984774205330e-06 -2.907650428338155723e-09
-3.509100202700120682e-05 -6.624179028698220041e-06 -1.491189359289490826e-07 -1.709410825530878198e-07 2.473284647934344254e-06 2.145619148253434299e-04 -2.065032330181528533e-05 7.711778416870324776e-08
-2.890031018006813859e-03 -1.386075588241650553e-03 -4.737234399129542267e-05 -3.047917398428256171e-05 2.145619148253434299e-04 1.629029033253138792e+01 -1.919900663601730199e-03 4.530720324049119802e-04
5.881285228570657395e-04 6.215337445954003520e-05 1.478142204509239676e-06 1.568423984774205330e-06 -2.065032330181528533e-05 -1.919900663601730199e-03 3.279402267749690638e-04 -7.012271338894403874e-06
-1.798714068520238985e-06 -1.489654335300452860e-07 9.999379315268456305e-09 -2.907650428338155723e-09 7.711778416870324776e-08 4.530720324049119802e-04 -7.012271338894403874e-06 6.039305097327762888e-06
