# logA n_s theta_s_1e2 omega_b omega_dmb log10sigma_dmb tau_reio A_planck
1.001219242702555993e-03 1.003098442168512698e-04 2.747560054818916434e-06 2.809200224003287441e-06 -3.422039683591081267e-05 -8.129047303925249256e-04 5.449788373386364694e-04 -1.461989215148219849e-06
1.003098442168512698e-04 2.650580541909306080e-05 5.486657547276803987e-07 4.804718537068059666e-07 -6.554931889956152466e-06 -2.511936987125090530e-04 5.913124165461897049e-05 -2.732105496907490974e-07
2.747560054818916434e-06 5.486657547276803987e-07 8.924221399149406343e-08 1.406721029864519433e-08 -1.571498684201546779e-07 1.952172065585167625e-05 1.570154676409249192e-06 -2.009791559374945463e-08
2.809200224003287441e-06 4.804718537068059666e-07 1.406721029864519433e-08 2.768964924395747539e-08 -1.712559516169842409e-07 8.565088446504289717e-06 1.583974702414791953e-06 -1.067037621128618106e-08
-3.422039683591081267e-05 -6.554931889956152466e-06 -1.571498684201546779e-07 -1.712559516169842409e-07 2.468275758244993363e-06 -4.068550851239113853e-05 -2.029049889074598272e-05 1.631016057749991976e-07
-8.129047303925249256e-04 -2.511936987125090530e-04 1.952172065585167625e-05 8.565088446504289717e-06 -4.068550851239113853e-05 1.453526938215693498e+01 6.705233341308838707e-06 -3.420949517393668903e-05
5.449788373386364694e-04 5.913124165461897049e-05 1.570154676409249192e-06 1.583974702414791953e-06 -2.029049889074598272e-05 6.705233341308838707e-06 3.056851792640368675e-04 -7.062292459777219629e-06
-1.461989215148219849e-06 -2.732105496907490974e-07 -2.009791559374945463e-08 -1.067037621128618106e-08 1.631016057749991976e-07 -3.420949517393668903e-05 -7.062292459777219629e-06 6.154899203495487068e-06
