# logA n_s theta_s_1e2 omega_b omega_dmb log10sigma_dmb tau_reio A_planck
1.067659981043123140e-03 9.966467451367791680e-05 2.359215477583204977e-06 2.941156507699866255e-06 -3.389185444484990036e-05 -2.575583626722591571e-03 5.770349374541949242e-04 2.636355500454422071e-07
9.966467451367791680e-05 2.687225112489213442e-05 5.537200213430452545e-07 4.635375899859481201e-07 -6.359703565240685662e-06 7.876603056273535344e-04 5.794287057185550555e-05 -1.020427603992443331e-07
2.359215477583204977e-06 5.537200213430452545e-07 9.682520211999310930e-08 1.494562751209992091e-08 -1.490717295113803090e-07 2.660228727578579832e-05 1.310479695053582799e-06 -2.025860600903702406e-08
2.941156507699866255e-06 4.635375899859481201e-07 1.494562751209992091e-08 2.718049939508370454e-08 -1.710187125867576610e-07 -1.881007529160656194e-05 1.638845536891958192e-06 6.195473293580753082e-09
-3.389185444484990036e-05 -6.359703565240685662e-06 -1.490717295113803090e-07 -1.710187125867576610e-07 2.403207746585671681e-06 8.073579458064539911e-05 -1.989862862686759618e-05 -1.367306418547134267e-09
-2.575583626722591571e-03 7.876603056273535344e-04 2.660228727578579832e-05 -1.881007529160656194e-05 8.073579458064539911e-05 1.892721124280956513e+00 -1.880347910685502147e-03 5.289535150892151930e-05
5.770349374541949242e-04 5.794287057185550555e-05 1.310479695053582799e-06 1.638845536891958192e-06 -1.989862862686759618e-05 -1.880347910685502147e-03 3.202585914492758084e-04 -5.382667604897741369e-06
2.636355500454422071e-07 -1.020427603992443331e-07 -2.025860600903702406e-08 6.195473293580753082e-09 -1.367306418547134267e-09 5.289535150892151930e-05 -5.382667604897740522e-06 5.581500110806388521e-06
