# logA n_s theta_s_1e2 omega_b omega_dmb log10sigma_dmb tau_reio A_planck
1.116312214762217722e-03 1.026853579453369011e-04 2.914759356826027353e-06 2.650916241496971005e-06 -3.455501015230884760e-05 9.255248918959346543e-04 5.978096268214587060e-04 3.932755819253302443e-06
1.026853579453369011e-04 2.818032506092550468e-05 4.998029076201458804e-07 4.786170101621945672e-07 -6.690392737343021820e-06 -6.884927117328772724e-05 5.998209542678973000e-05 7.590047968891561477e-08
2.914759356826027353e-06 4.998029076201458804e-07 9.118986063865100330e-08 1.951094342951666991e-08 -1.611559019844371782e-07 4.956042977278883572e-05 1.621652540259902181e-06 -1.567802906283340941e-08
2.650916241496971005e-06 4.786170101621945672e-07 1.951094342951666991e-08 2.569895821114763579e-08 -1.670634291435678887e-07 1.684205530250933270e-05 1.482309906799733271e-06 6.820056881053691077e-09
-3.455501015230884760e-05 -6.690392737343021820e-06 -1.611559019844371782e-07 -1.670634291435678887e-07 2.447990445310362684e-06 -1.604688660715352169e-04 -2.006405673538090920e-05 -1.361389854674514613e-07
9.255248918959346543e-04 -6.884927117328772724e-05 4.956042977278883572e-05 1.684205530250933270e-05 -1.604688660715352169e-04 1.093338602155038686e+01 1.774509589004715513e-03 -8.158048584382786295e-04
5.978096268214587060e-04 5.998209542678973000e-05 1.621652540259902181e-06 1.482309906799733271e-06 -2.006405673538090920e-05 1.774509589004715513e-03 3.288459704744694763e-04 -3.947938959520547812e-06
3.932755819253302443e-06 7.590047968891561477e-08 -1.567802906283340941e-08 6.820056881053691077e-09 -1.361389854674514613e-07 -8.158048584382786295e-04 -3.947938959520547812e-06 6.049571895429205860e-06
