# logA n_s theta_s_1e2 omega_b omega_dmb log10sigma_dmb tau_reio A_planck
1.089077222698162572e-03 1.139450505649214660e-04 2.784204532114202367e-06 2.927280022844638033e-06 -3.806639558030716966e-05 8.662532520762496191e-04 5.931405927214424868e-04 -8.782316648892360439e-07
1.139450505649214660e-04 2.851219200593945531e-05 5.593112471619536730e-07 5.150106361719376114e-07 -7.181219563894213405e-06 9.281159755639454634e-05 6.686304578356480556e-05 -3.613161510689759272e-07
2.784204532114202367e-06 5.593112471619536730e-07 9.816511245865404910e-08 1.575468418360033674e-08 -1.615212788760273981e-07 6.430545236802525635e-05 1.621697840441298735e-06 -6.013622456523858055e-08
2.927280022844638033e-06 5.150106361719376114e-07 1.575468418360033674e-08 2.772106455679365135e-08 -1.855287328952280107e-07 -2.734027825460254863e-06 1.627401695008769102e-06 1.859407093683489402e-08
-3.806639558030716966e-05 -7.181219563894213405e-06 -1.615212788760273981e-07 -1.855287328952280107e-07 2.709470174038500689e-06 -1.524857524342193159e-04 -2.242207910845878018e-05 9.339270364978539319e-08
8.662532520762494023e-04 9.281159755639454634e-05 6.430545236802525635e-05 -2.734027825460253592e-06 -1.524857524342193159e-04 1.978628571057109298e+01 7.913979849779583528e-04 1.543121296576451982e-04
5.931405927214424868e-04 6.686304578356480556e-05 1.621697840441298735e-06 1.627401695008769102e-06 -2.242207910845878018e-05 7.913979849779583528e-04 3.328450602063198717e-04 -7.278386377758389766e-06
-8.782316648892360439e-07 -3.613161510689759272e-07 -6.013622456523858055e-08 1.859407093683489402e-08 9.339270364978539319e-08 1.543121296576451982e-04 -7.278386377758389766e-06 6.577123556905990249e-06
