# logA n_s theta_s_1e2 omega_b omega_dmb log10sigma_dmb tau_reio A_planck
1.036824734114924224e-03 9.556122959007141667e-05 2.187942707370251934e-06 2.600252517913726553e-06 -3.295419305920552054e-05 -2.516686536536874141e-03 5.598223562225309322e-04 4.262680929115380320e-07
9.556122959007141667e-05 2.481567725673233953e-05 4.236495942693856682e-07 4.158199846986725014e-07 -6.054623829770880829e-06 -1.171474972752312280e-04 5.599410674859861439e-05 3.895898160351643651e-08
2.187942707370251934e-06 4.236495942693856682e-07 9.092159408441728356e-08 1.261765023001632332e-08 -1.340822331278371975e-07 2.743251434748311709e-05 1.243324933851337297e-06 -1.752316161165799507e-08
2.600252517913726553e-06 4.158199846986725014e-07 1.261765023001632332e-08 2.562171838032276849e-08 -1.556854738685001794e-07 1.516581022684629958e-05 1.438554012151096195e-06 1.047582120199270941e-08
-3.295419305920552054e-05 -6.054623829770880829e-06 -1.340822331278371975e-07 -1.556854738685001794e-07 2.395573430827768405e-06 -4.194612809099693184e-04 -1.937963336386519495e-05 -2.753278604732089226e-08
-2.516686536536873707e-03 -1.171474972752312280e-04 2.743251434748311709e-05 1.516581022684629958e-05 -4.194612809099693184e-04 2.608801937071584831e+01 -5.190624388295286351e-04 -2.066612324134079555e-04
5.598223562225309322e-04 5.599410674859861439e-05 1.243324933851337297e-06 1.438554012151096195e-06 -1.937963336386519495e-05 -5.190624388295286351e-04 3.110737884668559683e-04 -5.953388536235047789e-06
4.262680929115380320e-07 3.895898160351643651e-08 -1.752316161165799507e-08 1.047582120199270941e-08 -2.753278604732089226e-08 -2.066612324134079555e-04 -5.953388536235047789e-06 6.268388136233128181e-06
