# logA n_s theta_s_1e2 omega_b omega_dmb log10sigma_dmb tau_reio A_planck
1.062111621795297240e-03 1.062841662340760523e-04 2.809430203235435058e-06 2.694390434853670947e-06 -3.513379269721857249e-05 2.194577593534218808e-03 5.739379365483121597e-04 -3.733648875621039766e-07
1.062841662340760523e-04 2.804815567441590690e-05 6.631808815888036833e-07 4.462959655511345804e-07 -6.457505751393683772e-06 1.180471998816019904e-03 6.064899923685252179e-05 2.084725392787603283e-07
2.809430203235435058e-06 6.631808815888036833e-07 9.770927665890793579e-08 1.453370278528353794e-08 -1.637219887089238262e-07 7.685755082551886340e-05 1.519825679435135986e-06 -4.907670648903393500e-09
2.694390434853670947e-06 4.462959655511345804e-07 1.453370278528353794e-08 2.732565567350055480e-08 -1.714827590994866405e-07 -3.745663243342804983e-06 1.530383561733810870e-06 -4.443239387162378441e-09
-3.513379269721857249e-05 -6.457505751393683772e-06 -1.637219887089238262e-07 -1.714827590994866405e-07 2.449875946455912760e-06 -3.015158287641414364e-05 -2.057264876049847045e-05 1.640709274917877002e-08
2.194577593534218808e-03 1.180471998816019904e-03 7.685755082551886340e-05 -3.745663243342804983e-06 -3.015158287641414364e-05 1.215572308530374013e+00 5.750217472488249873e-04 4.197379159691875795e-05
5.739379365483121597e-04 6.064899923685252179e-05 1.519825679435135986e-06 1.530383561733810870e-06 -2.057264876049847045e-05 5.750217472488250957e-04 3.193451594260068058e-04 -6.284611110442558411e-06
-3.733648875621039766e-07 2.084725392787603283e-07 -4.907670648903393500e-09 -4.443239387162378441e-09 1.640709274917877002e-08 4.197379159691875795e-05 -6.284611110442558411e-06 6.116289314991519176e-06
