# logA n_s theta_s_1e2 omega_b omega_dmb log10sigma_dmb tau_reio A_planck
1.070379309454216584e-03 1.036416495684843342e-04 2.807854712941261848e-06 2.672044591188148961e-06 -3.476246898364174042e-05 4.696512972213007925e-03 5.788188081933867126e-04 -9.020879256244545429e-07
1.036416495684843342e-04 2.670305046783921925e-05 5.816535869530859808e-07 4.371264512146472951e-07 -6.366839862404403748e-06 1.316378019352810146e-03 5.955979993218940712e-05 4.380320934748982674e-07
2.807854712941261848e-06 5.816535869530859808e-07 9.956406156170088631e-08 1.378709908955966360e-08 -1.528225053631858330e-07 3.581759981864519166e-05 1.563594941348890665e-06 -2.566897756955019380e-08
2.672044591188148961e-06 4.371264512146472951e-07 1.378709908955966360e-08 2.567084897631016621e-08 -1.627737586504630910e-07 -6.154143255918420008e-06 1.504032804909365370e-06 -7.766953621326164849e-09
-3.476246898364174042e-05 -6.366839862404403748e-06 -1.528225053631858330e-07 -1.627737586504630910e-07 2.394274526940632436e-06 -1.850041140270653026e-04 -2.010472437325285392e-05 -1.522462999937893181e-07
4.696512972213007925e-03 1.316378019352810146e-03 3.581759981864519166e-05 -6.154143255918420008e-06 -1.850041140270653026e-04 3.771805446778793591e+00 2.348557717377427675e-03 -1.975494877453153433e-04
5.788188081933867126e-04 5.955979993218940712e-05 1.563594941348890665e-06 1.504032804909365370e-06 -2.010472437325285392e-05 2.348557717377427675e-03 3.216931893475257344e-04 -6.686384201353492069e-06
-9.020879256244545429e-07 4.380320934748982674e-07 -2.566897756955019380e-08 -7.766953621326164849e-09 -1.522462999937893181e-07 -1.975494877453153433e-04 -6.686384201353492069e-06 6.467010166848492290e-06
