# logA n_s theta_s_1e2 omega_b omega_dmb log10sigma_dmb tau_reio A_planck
1.151084546087758481e-03 1.185416079081024398e-04 3.658896674231196616e-06 3.417906677903079318e-06 -3.980448322292514816e-05 -5.693310893384369992e-04 6.248080490023992777e-04 -1.481001739104667963e-07
1.185416079081024398e-04 2.864120992509560948e-05 7.025752310463293080e-07 5.311063198005688858e-07 -7.231576417506769476e-06 1.833570982685096080e-04 6.883737090805862574e-05 4.437847617241465650e-08
3.658896674231196616e-06 7.025752310463293080e-07 1.073587273262198812e-07 1.891032900702348230e-08 -1.893825415486154827e-07 7.254076999578365265e-05 2.020471266392579150e-06 1.222158476098869838e-08
3.417906677903079318e-06 5.311063198005688858e-07 1.891032900702348230e-08 2.865641766572956422e-08 -1.930277453404101548e-07 4.261684806540106687e-06 1.909040001148929995e-06 -5.302208640129991201e-09
-3.980448322292514816e-05 -7.231576417506769476e-06 -1.893825415486154827e-07 -1.930277453404101548e-07 2.734773868306438440e-06 8.907194167596055800e-05 -2.319606399991793055e-05 -2.858615331261535757e-08
-5.693310893384369992e-04 1.833570982685096080e-04 7.254076999578365265e-05 4.261684806540106687e-06 8.907194167596055800e-05 1.771110720404471151e+00 -4.859379179988158859e-04 1.030865058143556597e-04
6.248080490023992777e-04 6.883737090805862574e-05 2.020471266392579150e-06 1.909040001148929995e-06 -2.319606399991793055e-05 -4.859379179988158859e-04 3.483017786459248889e-04 -6.526441568737753744e-06
-1.481001739104667963e-07 4.437847617241465650e-08 1.222158476098869838e-08 -5.302208640129991201e-09 -2.858615331261535757e-08 1.030865058143556597e-04 -6.526441568737753744e-06 6.478839543203819521e-06
