# logA n_s theta_s_1e2 omega_b omega_dmb log10sigma_dmb tau_reio A_planck
1.097336397663544209e-03 1.071740316751899512e-04 2.728784114197741749e-06 2.880766388105354441e-06 -3.663246717699858142e-05 1.514021998350937237e-03 5.927152144441795965e-04 1.595122398859196469e-06
1.071740316751899512e-04 2.804673863157762265e-05 6.576665369779589554e-07 4.971565464903604000e-07 -6.724685198477314134e-06 1.164216883130463325e-03 6.202332482971546562e-05 7.461561589723250470e-08
2.728784114197741749e-06 6.576665369779589554e-07 1.034467329892340366e-07 1.518555577826890500e-08 -1.628359423370440094e-07 9.001598508873225003e-05 1.472718221702725030e-06 1.302170279460436402e-08
2.880766388105354441e-06 4.971565464903604000e-07 1.518555577826890500e-08 2.785532631446829888e-08 -1.802973095414427024e-07 2.406469224431733030e-06 1.622832611784793577e-06 -3.059249508297730383e-10
-3.663246717699858142e-05 -6.724685198477314134e-06 -1.628359423370440094e-07 -1.802973095414427024e-07 2.546999744747826173e-06 1.072280830564332493e-05 -2.137770145691533482e-05 -6.179158897485542301e-08
1.514021998350937237e-03 1.164216883130463325e-03 9.001598508873225003e-05 2.406469224431733030e-06 1.072280830564332493e-05 2.021806243536480530e+00 3.968766964283541128e-04 2.025661439622451654e-05
5.927152144441795965e-04 6.202332482971546562e-05 1.472718221702725030e-06 1.622832611784793577e-06 -2.137770145691533482e-05 3.968766964283542212e-04 3.295491719008589973e-04 -5.625449932491995523e-06
1.595122398859196469e-06 7.461561589723250470e-08 1.302170279460436402e-08 -3.059249508297730383e-10 -6.179158897485542301e-08 2.025661439622451654e-05 -5.625449932491995523e-06 6.464974601523542192e-06
