# logA n_s theta_s_1e2 omega_b omega_dmb log10sigma_dmb tau_reio A_planck
9.412358780001869960e-04 1.109419583225467457e-04 3.071178766028457104e-06 1.015123357403881140e-06 -2.663589998576423257e-05 -2.861229836283028360e-03 5.234428215410452017e-04 -1.162519308063493037e-05
1.109419583225467457e-04 2.675976999082080096e-05 6.807403062058446676e-07 3.101455806490941738e-07 -5.199871100991610203e-06 -1.077700308343461670e-03 6.800216850502600354e-05 -4.445443379990774177e-06
3.071178766028457104e-06 6.807403062058446676e-07 1.007439755410536579e-07 5.117705510610093013e-09 -2.028191653425013200e-07 5.125457539612584092e-05 1.914096733063970391e-06 -1.261868988687398515e-07
1.015123357403881140e-06 3.101455806490941738e-07 5.117705510610093013e-09 1.737438585849518990e-08 -1.040304269009997019e-07 -1.840407567151839565e-06 6.880214389910205721e-07 -6.130014298624936201e-08
-2.663589998576423257e-05 -5.199871100991610203e-06 -2.028191653425013200e-07 -1.040304269009997019e-07 1.912407505079528465e-06 -2.335371491987445154e-05 -1.590175665226506354e-05 1.142062909324231230e-07
-2.861229836283028360e-03 -1.077700308343461670e-03 5.125457539612584092e-05 -1.840407567151839565e-06 -2.335371491987445154e-05 2.168151530663740889e+00 -3.110627192315360175e-03 1.575277789632675580e-03
5.234428215410452017e-04 6.800216850502600354e-05 1.914096733063970391e-06 6.880214389910205721e-07 -1.590175665226506354e-05 -3.110627192315360175e-03 2.983122689947091699e-04 -1.176569136931761215e-05
-1.162519308063493037e-05 -4.445443379990774177e-06 -1.261868988687398515e-07 -6.130014298624936201e-08 1.142062909324231230e-07 1.575277789632675580e-03 -1.176569136931761215e-05 5.597168863621652498e-06
