# logA n_s theta_s_1e2 omega_b omega_dmb log10sigma_dmb tau_reio A_planck
1.032859056077352735e-03 1.094308434636474651e-04 3.002140231859066697e-06 2.650107946924256589e-06 -3.507271722788577156e-05 1.968106741150844972e-03 5.582656098946516638e-04 -3.494050423162216103e-07
1.094308434636474651e-04 2.923756791993828847e-05 6.999892066201103739e-07 4.729869629661530897e-07 -6.643369883246206976e-06 1.259337265110666406e-03 6.270744186416095042e-05 -1.137248094587135145e-07
3.002140231859066697e-06 6.999892066201103739e-07 1.054527217535943921e-07 1.459561268297061048e-08 -1.608745348860597983e-07 8.633480100142949505e-05 1.577809206463113037e-06 1.293699001684868516e-08
2.650107946924256589e-06 4.729869629661530897e-07 1.459561268297061048e-08 2.682798564897015350e-08 -1.709099076858074718e-07 -1.035149675440869487e-05 1.499112169103305582e-06 3.445922283394839862e-10
-3.507271722788577156e-05 -6.643369883246206976e-06 -1.608745348860597983e-07 -1.709099076858074718e-07 2.459815431274298394e-06 -1.260511886628235193e-05 -2.049375471098023610e-05 -1.020672915786717802e-08
1.968106741150844972e-03 1.259337265110666406e-03 8.633480100142949505e-05 -1.035149675440869487e-05 -1.260511886628235193e-05 2.000796324912514468e+00 3.745111546010210105e-04 3.616055914025457688e-05
5.582656098946516638e-04 6.270744186416095042e-05 1.577809206463113037e-06 1.499112169103305582e-06 -2.049375471098023610e-05 3.745111546010210105e-04 3.111732831494806793e-04 -6.434648768421552272e-06
-3.494050423162216103e-07 -1.137248094587135145e-07 1.293699001684868516e-08 3.445922283394839862e-10 -1.020672915786717802e-08 3.616055914025457688e-05 -6.434648768421552272e-06 6.225692680300202114e-06
