# logA n_s theta_s_1e2 omega_b omega_dmb log10sigma_dmb tau_reio A_planck
1.037039536577340519e-03 1.016626882241360500e-04 2.576729095186303221e-06 2.702902060936130912e-06 -3.462242150498208979e-05 -9.435817410756109020e-04 5.622397506655484609e-04 -2.874467487297753230e-07
1.016626882241360500e-04 2.682924888170478255e-05 5.835914270054626626e-07 4.955775448438660293e-07 -6.576725887006235492e-06 1.879318856897141290e-04 6.033722887707282048e-05 -7.205958270413361976e-07
2.576729095186303221e-06 5.835914270054626626e-07 9.961294751319214259e-08 1.409767300112513759e-08 -1.336179124065313695e-07 8.373337020148113007e-05 1.399310080337749968e-06 -1.341811552165563827e-09
2.702902060936130912e-06 4.955775448438660293e-07 1.409767300112513759e-08 2.699514976127949285e-08 -1.786186902098635631e-07 -7.966628541645117415e-06 1.538089001840110100e-06 -5.071036907900266931e-09
-3.462242150498208979e-05 -6.576725887006235492e-06 -1.336179124065313695e-07 -1.786186902098635631e-07 2.575622365936413221e-06 2.238416747347065977e-04 -2.056069999757964182e-05 7.813689309156544194e-08
-9.435817410756109020e-04 1.879318856897141290e-04 8.373337020148113007e-05 -7.966628541645117415e-06 2.238416747347065977e-04 2.340466091836261864e+00 -9.359487390208180973e-04 2.485451424216242238e-05
5.622397506655484609e-04 6.033722887707282048e-05 1.399310080337749968e-06 1.538089001840110100e-06 -2.056069999757964182e-05 -9.359487390208182057e-04 3.143346227139457729e-04 -6.593379519537357046e-06
-2.874467487297753230e-07 -7.205958270413361976e-07 -1.341811552165563827e-09 -5.071036907900266931e-09 7.813689309156544194e-08 2.485451424216242238e-05 -6.593379519537357046e-06 6.284379052909830439e-06
