# logA n_s theta_s_1e2 omega_b omega_dmb log10sigma_dmb tau_reio A_planck
1.015134124655587286e-03 1.077864387715507370e-04 3.124167459164516136e-06 2.644313370859009399e-06 -3.460731162484166325e-05 3.529651503749016645e-04 5.483067350552860934e-04 2.448420708801278217e-06
1.077864387715507370e-04 2.727985875583570293e-05 6.120547685016643314e-07 4.613082221530409089e-07 -6.682363298327291224e-06 2.109309458390260666e-04 6.235444272038608742e-05 4.233798211286485908e-07
3.124167459164516136e-06 6.120547685016643314e-07 1.035928114749656346e-07 1.589523848925474118e-08 -1.614547000310968915e-07 6.547773867195927594e-05 1.687971911045528700e-06 2.131636266931661719e-08
2.644313370859009399e-06 4.613082221530409089e-07 1.589523848925474118e-08 2.519698939223727441e-08 -1.636942474640169893e-07 -8.954230920400220632e-06 1.467204749319518487e-06 1.607838719037110924e-08
-3.460731162484166325e-05 -6.682363298327291224e-06 -1.614547000310968915e-07 -1.636942474640169893e-07 2.505729403681186897e-06 1.127746277857045532e-04 -2.015975717294844625e-05 -1.880274870253572414e-07
3.529651503749016645e-04 2.109309458390260666e-04 6.547773867195927594e-05 -8.954230920400220632e-06 1.127746277857045532e-04 1.571616487749177615e+00 7.766892661496340464e-05 -7.522566576269207220e-05
5.483067350552860934e-04 6.235444272038608742e-05 1.687971911045528700e-06 1.467204749319518487e-06 -2.015975717294844625e-05 7.766892661496343174e-05 3.047251194597279107e-04 -4.693003946828641661e-06
2.448420708801278217e-06 4.233798211286485908e-07 2.131636266931661719e-08 1.607838719037110924e-08 -1.880274870253572414e-07 -7.522566576269207220e-05 -4.693003946828641661e-06 6.131413209723524768e-06
