# logA n_s theta_s_1e2 omega_b omega_dmb log10sigma_dmb tau_reio A_planck
1.070806793022331498e-03 1.051783945323405827e-04 3.277924585489392895e-06 2.678124610195828878e-06 -3.252895204515945498e-05 3.025281879071718086e-03 5.712246397056117836e-04 3.943153659926651854e-06
1.051783945323405827e-04 2.754467183624485923e-05 5.926708961990887881e-07 4.771286011076204517e-07 -6.195489832487474004e-06 9.772585710576685465e-04 6.022684601487010038e-05 4.014288133194493679e-07
3.277924585489392895e-06 5.926708961990887881e-07 1.134811346563714476e-07 1.549626073055109269e-08 -1.357596505016999112e-07 1.249096610611718464e-04 1.696611487445431801e-06 3.710752316295090862e-08
2.678124610195828878e-06 4.771286011076204517e-07 1.549626073055109269e-08 2.638041837341762425e-08 -1.683152755351910183e-07 -4.338606692554140370e-06 1.465020613212324768e-06 3.606472759705273384e-08
-3.252895204515945498e-05 -6.195489832487474004e-06 -1.357596505016999112e-07 -1.683152755351910183e-07 2.474582081115030991e-06 1.259183819430452348e-04 -1.917541170329160468e-05 -1.369383788797290806e-07
3.025281879071718086e-03 9.772585710576685465e-04 1.249096610611718464e-04 -4.338606692554140370e-06 1.259183819430452348e-04 3.103850329602167779e+00 8.404822605744429170e-04 2.307410141118614651e-04
5.712246397056117836e-04 6.022684601487010038e-05 1.696611487445431801e-06 1.465020613212324768e-06 -1.917541170329160468e-05 8.404822605744429170e-04 3.144064449268660051e-04 -4.437817634944713961e-06
3.943153659926651854e-06 4.014288133194493679e-07 3.710752316295090862e-08 3.606472759705273384e-08 -1.369383788797290806e-07 2.307410141118614651e-04 -4.437817634944713961e-06 6.522961925270115320e-06
