# logA n_s theta_s_1e2 omega_b omega_dmb log10sigma_dmb tau_reio A_planck
1.070120865064947552e-03 1.073870120139276202e-04 2.674548399921055044e-06 2.882627880189578743e-06 -3.688481318462624535e-05 -1.072199304790979850e-02 5.805878259086194116e-04 7.155106166179376836e-07
1.073870120139276202e-04 2.771532571716166514e-05 5.347290083559560927e-07 4.975597367488344706e-07 -6.863373270537262018e-06 -4.092037455212678941e-03 6.262939584772029764e-05 1.434117876094510935e-07
2.674548399921055044e-06 5.347290083559560927e-07 8.948591301778795671e-08 1.604188443470421224e-08 -1.652938774668251374e-07 -3.995553391284623750e-06 1.476370604253241939e-06 3.145175691345392021e-08
2.882627880189578743e-06 4.975597367488344706e-07 1.604188443470421224e-08 2.670749918970333102e-08 -1.752951676933470835e-07 -4.945994132440938639e-05 1.605062309331147808e-06 1.087966635070532450e-08
-3.688481318462624535e-05 -6.863373270537262018e-06 -1.652938774668251374e-07 -1.752951676933470835e-07 2.544858746509708895e-06 7.500873439681062524e-04 -2.141212305966161346e-05 -1.288698172044887748e-07
-1.072199304790980023e-02 -4.092037455212678941e-03 -3.995553391284623750e-06 -4.945994132440938639e-05 7.500873439681062524e-04 4.409106374962104979e+01 -6.125334534351276408e-03 2.074989418119836237e-04
5.805878259086194116e-04 6.262939584772031119e-05 1.476370604253241939e-06 1.605062309331147808e-06 -2.141212305966161346e-05 -6.125334534351276408e-03 3.236584766628580528e-04 -5.777609224038215548e-06
7.155106166179376836e-07 1.434117876094510935e-07 3.145175691345392021e-08 1.087966635070532450e-08 -1.288698172044887748e-07 2.074989418119836237e-04 -5.777609224038215548e-06 6.280316519579743366e-06
