# logA n_s theta_s_1e2 omega_b omega_dmb log10sigma_dmb tau_reio A_planck
1.035527056671605405e-03 1.035294819297058228e-04 2.669621276349934637e-06 2.837725245317881244e-06 -3.509293065668169903e-05 -1.842687527545225140e-03 5.617330399162664967e-04 -2.108280081157912729e-07
1.035294819297058228e-04 2.715147246958172272e-05 5.251864856217110272e-07 5.001407806679887120e-07 -6.604775116898573001e-06 -9.779913993405706975e-04 6.044649812946490590e-05 8.368145848541662277e-08
2.669621276349934637e-06 5.251864856217110272e-07 9.103057134901055088e-08 1.593526274189212482e-08 -1.587224921718848703e-07 -2.622954692611189850e-05 1.491869193860385590e-06 1.334101782129443976e-09
2.837725245317881244e-06 5.001407806679887120e-07 1.593526274189212482e-08 2.717448398929234659e-08 -1.762617240073308038e-07 9.422624428781660526e-07 1.601516463105919079e-06 -7.141944996726358477e-09
-3.509293065668169903e-05 -6.604775116898573001e-06 -1.587224921718848703e-07 -1.762617240073308038e-07 2.461125473737806784e-06 1.134611750176242438e-04 -2.059891597983752319e-05 5.648428337145324177e-08
-1.842687527545225140e-03 -9.779913993405706975e-04 -2.622954692611189850e-05 9.422624428781660526e-07 1.134611750176242845e-04 2.602954993495157154e+01 -1.032527412306760662e-03 1.613117256373977181e-04
5.617330399162664967e-04 6.044649812946490590e-05 1.491869193860385590e-06 1.601516463105919079e-06 -2.059891597983752319e-05 -1.032527412306760662e-03 3.136035490423811386e-04 -6.341598470709412265e-06
-2.108280081157912729e-07 8.368145848541662277e-08 1.334101782129443976e-09 -7.141944996726358477e-09 5.648428337145324177e-08 1.613117256373977181e-04 -6.341598470709412265e-06 6.168637502783932795e-06
