# logA n_s theta_s_1e2 omega_b omega_dmb log10sigma_dmb tau_reio A_planck
1.092614450948004631e-03 1.063290986188289552e-04 2.746657210730210477e-06 2.737694702715849258e-06 -3.567691649515754553e-05 7.021659206748511947e-03 5.891501198706107067e-04 2.338340942519856084e-06
1.063290986188289552e-04 2.782781321382605803e-05 5.738516631103139885e-07 4.899882154285789702e-07 -6.700685746679994480e-06 -8.443434130812067220e-04 6.227810493145293337e-05 -1.382434267393502700e-07
2.746657210730210477e-06 5.738516631103139885e-07 9.159252872647114807e-08 1.577344951350176908e-08 -1.563809149654556789e-07 -8.240190681324168693e-07 1.528428073376477908e-06 1.233601457872006168e-09
2.737694702715849258e-06 4.899882154285789702e-07 1.577344951350176908e-08 2.696758358623677666e-08 -1.757476677258434200e-07 -2.268538134799209908e-06 1.544565643011131909e-06 -2.033565923975038004e-09
-3.567691649515754553e-05 -6.700685746679994480e-06 -1.563809149654556789e-07 -1.757476677258434200e-07 2.518877609191471502e-06 -2.242169196685930122e-05 -2.083274751402651448e-05 -5.947353955912061422e-08
7.021659206748513682e-03 -8.443434130812067220e-04 -8.240190681324168693e-07 -2.268538134799209908e-06 -2.242169196685934866e-05 3.076597943076436437e+01 2.883440054456550949e-03 7.206472827788880202e-04
5.891501198706107067e-04 6.227810493145293337e-05 1.528428073376477908e-06 1.544565643011131909e-06 -2.083274751402651448e-05 2.883440054456550949e-03 3.265230619710014683e-04 -4.949721793020492249e-06
2.338340942519856084e-06 -1.382434267393502700e-07 1.233601457872006168e-09 -2.033565923975038004e-09 -5.947353955912061422e-08 7.206472827788880202e-04 -4.949721793020492249e-06 6.225314733145046246e-06
