# logA n_s theta_s_1e2 omega_b omega_dmb log10sigma_dmb tau_reio A_planck
1.071853638408478858e-03 1.008567129813554581e-04 2.748486018411699012e-06 3.076300211750315029e-06 -3.545232102264802470e-05 4.530576330055031400e-04 5.810061116276198133e-04 -1.376661813445109626e-06
1.008567129813554581e-04 2.558522452238482493e-05 4.759541262045793764e-07 5.103110184879824126e-07 -6.308597607843280954e-06 3.473704459242365583e-05 5.924281259714550286e-05 -4.354484668209360133e-07
2.748486018411699012e-06 4.759541262045793764e-07 9.592641063682223946e-08 1.613403043464148745e-08 -1.389153417292433442e-07 4.665597557041079773e-05 1.535150096810175747e-06 -1.766071179765618628e-08
3.076300211750315029e-06 5.103110184879824126e-07 1.613403043464148745e-08 2.840158234027228009e-08 -1.775460340085410945e-07 2.350232214996686867e-06 1.733893883575139792e-06 -1.603868675701858527e-08
-3.545232102264802470e-05 -6.308597607843280954e-06 -1.389153417292433442e-07 -1.775460340085410945e-07 2.441169914723001854e-06 1.292640636461716945e-04 -2.077169929325374691e-05 1.046991975609811495e-07
4.530576330055031400e-04 3.473704459242365583e-05 4.665597557041079773e-05 2.350232214996686867e-06 1.292640636461716945e-04 1.619301026108341146e+00 -1.315661644506546019e-05 1.607484908236270758e-04
5.810061116276198133e-04 5.924281259714550286e-05 1.535150096810175747e-06 1.733893883575139792e-06 -2.077169929325374691e-05 -1.315661644506546019e-05 3.236664790937593622e-04 -6.853805000208278474e-06
-1.376661813445109626e-06 -4.354484668209360133e-07 -1.766071179765618628e-08 -1.603868675701858527e-08 1.046991975609811495e-07 1.607484908236270758e-04 -6.853805000208278474e-06 6.035386772814460015e-06
