# logA n_s theta_s_1e2 omega_b omega_dmb log10sigma_dmb tau_reio A_planck
1.085847923833057173e-03 1.106366717417319844e-04 2.802604274564570867e-06 2.883432429319490666e-06 -3.697245022255885087e-05 2.815160335458091571e-03 5.885190072280679918e-04 7.484440708978730203e-07
1.106366717417319844e-04 2.683354529748977152e-05 5.801035973074914738e-07 4.860368093976945636e-07 -6.658486103704637346e-06 1.713331482617982916e-03 6.413159470434691130e-05 -4.333426993739553298e-08
2.802604274564570867e-06 5.801035973074914738e-07 9.089754102106306274e-08 1.612517509355614891e-08 -1.692493675492872776e-07 7.228108633992549230e-05 1.572715667183151997e-06 -3.513997852872524679e-09
2.883432429319490666e-06 4.860368093976945636e-07 1.612517509355614891e-08 2.660338749215836369e-08 -1.765288085985264478e-07 1.785989428488836297e-05 1.612551228164644284e-06 4.812471704455098157e-09
-3.697245022255885087e-05 -6.658486103704637346e-06 -1.692493675492872776e-07 -1.765288085985264478e-07 2.511425881211122933e-06 -1.631221667757162851e-04 -2.144782865911692757e-05 -6.354474182722854046e-08
2.815160335458091571e-03 1.713331482617982916e-03 7.228108633992549230e-05 1.785989428488836297e-05 -1.631221667757162851e-04 1.616848635375121290e+01 1.243004645836012301e-03 3.906490286469602852e-05
5.885190072280679918e-04 6.413159470434691130e-05 1.572715667183151997e-06 1.612551228164644284e-06 -2.144782865911692757e-05 1.243004645836012518e-03 3.278432847971392392e-04 -5.964406964292263929e-06
7.484440708978730203e-07 -4.333426993739553298e-08 -3.513997852872524679e-09 4.812471704455098157e-09 -6.354474182722854046e-08 3.906490286469602852e-05 -5.964406964292263929e-06 6.372853319974513281e-06
