# logA n_s theta_s_1e2 omega_b omega_dmb log10sigma_dmb tau_reio A_planck
1.138318481435364807e-03 1.168825988669625271e-04 3.339457125945006463e-06 2.921845557094512470e-06 -3.755285444686693418e-05 1.267265210740113352e-03 6.183880190353711415e-04 -5.743402676363418749e-07
1.168825988669625271e-04 2.905176841247572548e-05 6.488931816675636930e-07 5.376982088331311399e-07 -7.075812330623899612e-06 3.833779008574824819e-04 6.858001085541441080e-05 -5.295497199463700201e-07
3.339457125945006463e-06 6.488931816675636930e-07 1.026406939525925726e-07 1.805013811302001691e-08 -1.564758273938685061e-07 4.952788561024133902e-05 1.833893352821783903e-06 1.433833131610996494e-08
2.921845557094512470e-06 5.376982088331311399e-07 1.805013811302001691e-08 2.743795474599863808e-08 -1.798622385364744210e-07 6.582069138011504097e-06 1.654622841347646844e-06 -6.662580654032924208e-09
-3.755285444686693418e-05 -7.075812330623899612e-06 -1.564758273938685061e-07 -1.798622385364744210e-07 2.558038474748088830e-06 8.280719179009055189e-06 -2.205480529991045115e-05 1.265907363836620584e-07
1.267265210740113352e-03 3.833779008574824819e-04 4.952788561024133902e-05 6.582069138011504097e-06 8.280719179009055189e-06 6.705279505854799815e-01 6.200985788146009831e-04 9.370509561537818913e-05
6.183880190353711415e-04 6.858001085541441080e-05 1.833893352821783903e-06 1.654622841347646844e-06 -2.205480529991045115e-05 6.200985788146009831e-04 3.455076744009774972e-04 -7.052382539252241220e-06
-5.743402676363418749e-07 -5.295497199463700201e-07 1.433833131610996494e-08 -6.662580654032924208e-09 1.265907363836620584e-07 9.370509561537818913e-05 -7.052382539252241220e-06 6.542272993898450172e-06
