# logA n_s theta_s_1e2 omega_b omega_dmb log10sigma_dmb tau_reio A_planck
1.060417815451157467e-03 1.043056867204863146e-04 3.002546979370799581e-06 2.710680250673104768e-06 -3.617213611991573232e-05 -1.241714416847555097e-02 5.740151363079416987e-04 1.484159538715293584e-06
1.043056867204863146e-04 2.586941145492640699e-05 5.289622631321061667e-07 4.907497183780236640e-07 -6.618331137869284920e-06 -1.754994699264664790e-03 6.115255755423302088e-05 -2.874906466930176376e-07
3.002546979370799581e-06 5.289622631321061667e-07 9.273698528936421968e-08 1.688770267340877864e-08 -1.826196884747804791e-07 5.058963946330334008e-05 1.636041793717248623e-06 3.875079687454933056e-08
2.710680250673104768e-06 4.907497183780236640e-07 1.688770267340877864e-08 2.728059157329171122e-08 -1.809504948686860287e-07 -1.247602469955269618e-05 1.544625296400746393e-06 -8.927999076548081645e-09
-3.617213611991573232e-05 -6.618331137869284920e-06 -1.826196884747804791e-07 -1.809504948686860287e-07 2.521033046440830569e-06 2.680137131023657823e-04 -2.123011441231781058e-05 1.085318650870843526e-07
-1.241714416847555097e-02 -1.754994699264664790e-03 5.058963946330334008e-05 -1.247602469955269618e-05 2.680137131023657823e-04 2.197744663231688378e+01 -7.100099474689854605e-03 6.259552146110805137e-04
5.740151363079416987e-04 6.115255755423302088e-05 1.636041793717248623e-06 1.544625296400746393e-06 -2.123011441231781058e-05 -7.100099474689854605e-03 3.196116895161969329e-04 -5.344396240771130263e-06
1.484159538715293584e-06 -2.874906466930176376e-07 3.875079687454933056e-08 -8.927999076548081645e-09 1.085318650870843526e-07 6.259552146110805137e-04 -5.344396240771130263e-06 5.934185368777789004e-06
