# logA n_s theta_s_1e2 omega_b omega_dmb log10sigma_dmb tau_reio A_planck
1.059173621144536255e-03 1.033957956868496148e-04 2.633015669328375630e-06 2.758673374478438225e-06 -3.553811928962434573e-05 -1.668637318059160981e-03 5.727108078957874162e-04 1.350954398725877407e-06
1.033957956868496148e-04 2.770394820336230272e-05 6.075541288784148328e-07 4.523820363467640179e-07 -6.667498404560832203e-06 1.437293985100637642e-03 6.060942072377590185e-05 -3.385258180158228119e-07
2.633015669328375630e-06 6.075541288784148328e-07 9.425520797637793797e-08 1.519039698802662667e-08 -1.565827505272937721e-07 6.207092058744098824e-05 1.524645852575780888e-06 -5.341959117971506303e-08
2.758673374478438225e-06 4.523820363467640179e-07 1.519039698802662667e-08 2.751936592460900269e-08 -1.743299215311510195e-07 -8.450511254963671270e-06 1.555435905976123818e-06 1.463357685168399008e-09
-3.553811928962434573e-05 -6.667498404560832203e-06 -1.565827505272937721e-07 -1.743299215311510195e-07 2.508303614222125458e-06 -1.102866432361863144e-04 -2.086512650619317999e-05 3.687072622483004474e-08
-1.668637318059160981e-03 1.437293985100637642e-03 6.207092058744098824e-05 -8.450511254963671270e-06 -1.102866432361863144e-04 5.532866332444573487e+00 -1.070110119964959392e-03 -1.338435830170567234e-04
5.727108078957874162e-04 6.060942072377590185e-05 1.524645852575780888e-06 1.555435905976123818e-06 -2.086512650619317999e-05 -1.070110119964959392e-03 3.192640954177791853e-04 -5.890298130543493558e-06
1.350954398725877407e-06 -3.385258180158228119e-07 -5.341959117971506303e-08 1.463357685168399008e-09 3.687072622483004474e-08 -1.338435830170567234e-04 -5.890298130543493558e-06 6.462762060756308304e-06
