# logA n_s theta_s_1e2 omega_b omega_dmb log10sigma_dmb tau_reio A_planck
1.090817874327592750e-03 1.051907059323882839e-04 2.905070027802368633e-06 2.774207231043032369e-06 -3.530072784206438025e-05 -8.338413192883884677e-04 5.907012620384803321e-04 -9.012259183208349507e-07
1.051907059323882839e-04 2.703430458601235227e-05 6.208316173431028421e-07 4.840158209522154274e-07 -6.363224102849198694e-06 5.195435815626912564e-04 6.110211064941981475e-05 -1.076938237278727803e-07
2.905070027802368633e-06 6.208316173431028421e-07 1.048340204264744755e-07 1.607297987494438453e-08 -1.473444546822048404e-07 9.718758035807537521e-05 1.607637582101503166e-06 -2.283029271938716037e-08
2.774207231043032369e-06 4.840158209522154274e-07 1.607297987494438453e-08 2.662259801803397380e-08 -1.659542459113552465e-07 1.357819072667111807e-05 1.552404095730169594e-06 -4.307123172153268768e-09
-3.530072784206438025e-05 -6.363224102849198694e-06 -1.473444546822048404e-07 -1.659542459113552465e-07 2.431688888593481974e-06 1.612458260840809879e-04 -2.060608596649052702e-05 -2.394797285649595114e-08
-8.338413192883884677e-04 5.195435815626912564e-04 9.718758035807537521e-05 1.357819072667111807e-05 1.612458260840809879e-04 3.599369459182964359e+00 -8.520429655553774179e-04 4.292060984562534956e-05
5.907012620384803321e-04 6.110211064941981475e-05 1.607637582101503166e-06 1.552404095730169594e-06 -2.060608596649052702e-05 -8.520429655553774179e-04 3.287646495857473867e-04 -6.758808932636306595e-06
-9.012259183208349507e-07 -1.076938237278727803e-07 -2.283029271938716037e-08 -4.307123172153268768e-09 -2.394797285649595114e-08 4.292060984562534956e-05 -6.758808932636306595e-06 6.325264577752326156e-06
