# logA n_s theta_s_1e2 omega_b omega_dmb log10sigma_dmb tau_reio A_planck
2.148757557530054838e-04 1.589195965224194672e-05 6.660730797030637433e-07 5.225647528335090288e-07 -4.755778623687069419e-06 7.447774782275292608e-04 1.014598821037523117e-04 1.032044807256813825e-05
1.589195965224194672e-05 1.689971448937372078e-05 4.179048194127653102e-07 2.456304959106180749e-07 -3.151457548457164834e-06 8.155957520158669096e-04 1.157986373473673552e-05 5.426089314425411509e-07
6.660730797030637433e-07 4.179048194127653102e-07 1.026837117404484807e-07 9.526505204931047939e-09 -4.469616777436228061e-08 9.472336694971499277e-05 2.910681912426108569e-07 3.071091158581047871e-08
5.225647528335090288e-07 2.456304959106180749e-07 9.526505204931047939e-09 2.062378894402234090e-08 -9.802536017818080679e-08 2.437942817336402715e-06 3.250191346226222252e-07 1.218825177172513748e-08
-4.755778623687069419e-06 -3.151457548457164834e-06 -4.469616777436228061e-08 -9.802536017818080679e-08 1.507765100786088524e-06 1.429712133706769861e-04 -3.957281142261977751e-06 -1.993839798350934194e-07
7.447774782275292608e-04 8.155957520158669096e-04 9.472336694971499277e-05 2.437942817336402715e-06 1.429712133706769861e-04 1.209564685175707144e+00 1.840551760977829202e-04 -9.592012614500683757e-05
1.014598821037523117e-04 1.157986373473673552e-05 2.910681912426108569e-07 3.250191346226222252e-07 -3.957281142261977751e-06 1.840551760977829202e-04 5.626496679786319069e-05 -7.068444896355777101e-07
1.032044807256813825e-05 5.426089314425411509e-07 3.071091158581047871e-08 1.218825177172513748e-08 -1.993839798350934194e-07 -9.592012614500683757e-05 -7.068444896355777101e-07 6.113520279340108689e-06
