# logA n_s theta_s_1e2 omega_b omega_dmb log10sigma_dmb tau_reio A_planck
1.063098268421565308e-03 1.094380503595581626e-04 2.958273149414107229e-06 3.018490645927183687e-06 -3.658135616596628866e-05 -6.547773054414947162e-03 5.792283399382653535e-04 -2.107225172457198487e-06
1.094380503595581626e-04 2.785638548816689227e-05 5.722275314226983720e-07 5.301867725103928329e-07 -6.803778824200297276e-06 -1.043555350626553229e-03 6.395105286118272787e-05 -2.702975012738624998e-07
2.958273149414107229e-06 5.722275314226983720e-07 8.990902092123648215e-08 1.550219675103204459e-08 -1.593729942131707290e-07 -2.117977144722710852e-05 1.641044079592217441e-06 5.104254719915399651e-09
3.018490645927183687e-06 5.301867725103928329e-07 1.550219675103204459e-08 2.893270624161777344e-08 -1.844898191869488385e-07 -1.640280780410633676e-06 1.692726595963600484e-06 6.231285790857871451e-10
-3.658135616596628866e-05 -6.803778824200297276e-06 -1.593729942131707290e-07 -1.844898191869488385e-07 2.500771088118349556e-06 1.254590758991880502e-04 -2.138047179931658659e-05 5.828378706786803439e-08
-6.547773054414946295e-03 -1.043555350626553229e-03 -2.117977144722710852e-05 -1.640280780410633676e-06 1.254590758991880502e-04 1.826884888242555505e+01 -2.462244400248598305e-03 -6.162149988773659316e-04
5.792283399382653535e-04 6.395105286118272787e-05 1.641044079592217441e-06 1.692726595963600484e-06 -2.138047179931658659e-05 -2.462244400248598305e-03 3.239840038821007297e-04 -6.956359034810201683e-06
-2.107225172457198487e-06 -2.702975012738624998e-07 5.104254719915399651e-09 6.231285790857871451e-10 5.828378706786803439e-08 -6.162149988773659316e-04 -6.956359034810201683e-06 5.775064267089108778e-06
