# logA n_s theta_s_1e2 omega_b omega_dmb log10sigma_dmb tau_reio A_planck
7.263642588562748076e-04 7.728931688685001036e-05 2.270157844931230413e-06 1.984884705555515273e-06 -2.484166664344442455e-05 1.361299273764778701e-03 3.957725902079223756e-04 -1.020720086750644454e-07
7.728931688685001036e-05 1.890438698501265585e-05 3.841351916598591763e-07 3.337173379816489567e-07 -4.481326145872536321e-06 -1.555051807146920809e-04 4.451430993902290691e-05 2.839500510932185413e-07
2.270157844931230413e-06 3.841351916598591763e-07 6.245718711662132731e-08 1.172148771889469727e-08 -1.131542801364859709e-07 -8.711704328691969576e-06 1.233159710870640463e-06 1.320840152647861934e-08
1.984884705555515273e-06 3.337173379816489567e-07 1.172148771889469727e-08 1.739000581045933231e-08 -1.156672162605533453e-07 6.467548764229788800e-06 1.088807982520068706e-06 2.169115701068355962e-08
-2.484166664344442455e-05 -4.481326145872536321e-06 -1.131542801364859709e-07 -1.156672162605533453e-07 1.661343922024422883e-06 -5.498782977971888820e-05 -1.434618972070899617e-05 -1.381728442837790850e-07
1.361299273764778701e-03 -1.555051807146920809e-04 -8.711704328691969576e-06 6.467548764229788800e-06 -5.498782977971888820e-05 3.938392095605073528e+00 1.036626426686922250e-03 -9.941750590480891733e-05
3.957725902079223756e-04 4.451430993902290691e-05 1.233159710870640463e-06 1.088807982520068706e-06 -1.434618972070899617e-05 1.036626426686922250e-03 2.208666485881938496e-04 -3.726349243461781841e-06
-1.020720086750644454e-07 2.839500510932185413e-07 1.320840152647861934e-08 2.169115701068355962e-08 -1.381728442837790850e-07 -9.941750590480893089e-05 -3.726349243461781841e-06 4.025134110043278379e-06
