# logA n_s theta_s_1e2 omega_b omega_dmb log10sigma_dmb tau_reio A_planck
1.106186789459041213e-03 1.118976633776177604e-04 3.056606310785148621e-06 3.140741237445925828e-06 -3.817175376794524120e-05 -4.396791407786038164e-03 5.980823800403479301e-04 1.758325837378874855e-06
1.118976633776177604e-04 2.892679336701995180e-05 6.071928320674452390e-07 5.234347399413281038e-07 -7.097525040192759720e-06 1.684957743451601011e-04 6.524137430224438542e-05 -1.393259400192796945e-07
3.056606310785148621e-06 6.071928320674452390e-07 9.261461112696641811e-08 1.724229757440644824e-08 -1.755000183306294533e-07 -8.294798864642294797e-06 1.718290919966022986e-06 -1.511234577255156744e-08
3.140741237445925828e-06 5.234347399413281038e-07 1.724229757440644824e-08 2.963583373875921163e-08 -1.926108833986367891e-07 -4.890970656497834845e-05 1.772248072926883642e-06 -7.060487732163859305e-09
-3.817175376794524120e-05 -7.097525040192759720e-06 -1.755000183306294533e-07 -1.926108833986367891e-07 2.629676485141829878e-06 3.799248993339531910e-04 -2.233860434685908811e-05 9.415204906826525787e-08
-4.396791407786038164e-03 1.684957743451601011e-04 -8.294798864642294797e-06 -4.890970656497834845e-05 3.799248993339531910e-04 1.052609486914933612e+01 -2.536132796850282343e-03 -3.737595558973420308e-04
5.980823800403479301e-04 6.524137430224438542e-05 1.718290919966022986e-06 1.772248072926883642e-06 -2.233860434685908811e-05 -2.536132796850282343e-03 3.328380206026933393e-04 -5.704265366100642446e-06
1.758325837378874855e-06 -1.393259400192796945e-07 -1.511234577255156744e-08 -7.060487732163859305e-09 9.415204906826525787e-08 -3.737595558973420308e-04 -5.704265366100642446e-06 6.488882815296655351e-06
