# logA n_s theta_s_1e2 omega_b omega_dmb log10sigma_dmb tau_reio A_planck
1.090835501556876178e-03 1.102313255304426581e-04 2.956131957882941367e-06 2.811246209758646002e-06 -3.763656857747446003e-05 5.550473876408223956e-05 5.957797579298619410e-04 -2.773825041457251798e-06
1.102313255304426581e-04 2.777615507088388480e-05 6.609473435660241513e-07 4.937129928981335377e-07 -6.978407062946668123e-06 6.512590069898886551e-04 6.498479957460638102e-05 -6.358761914035713363e-07
2.956131957882941367e-06 6.609473435660241513e-07 1.097198099793228188e-07 1.649025343473642624e-08 -1.652418475841242891e-07 1.374642521461206168e-04 1.647274295068162563e-06 -1.546893149734376498e-08
2.811246209758646002e-06 4.937129928981335377e-07 1.649025343473642624e-08 2.668894314964336525e-08 -1.812534654005259690e-07 1.671018109108165379e-06 1.599306694165522325e-06 -1.102703327511440438e-08
-3.763656857747446003e-05 -6.978407062946668123e-06 -1.652418475841242891e-07 -1.812534654005259690e-07 2.718860673962845950e-06 1.404617609144129763e-04 -2.237603168420866984e-05 1.984746580275060572e-07
5.550473876408223956e-05 6.512590069898886551e-04 1.374642521461206168e-04 1.671018109108165379e-06 1.404617609144129763e-04 7.700516889461696657e+00 -3.728487771553388942e-04 1.797225458890416773e-05
5.957797579298619410e-04 6.498479957460638102e-05 1.647274295068162563e-06 1.599306694165522325e-06 -2.237603168420866984e-05 -3.728487771553390569e-04 3.349302268842604502e-04 -7.979838201213083212e-06
-2.773825041457251798e-06 -6.358761914035713363e-07 -1.546893149734376498e-08 -1.102703327511440438e-08 1.984746580275060572e-07 1.797225458890416773e-05 -7.979838201213084906e-06 6.304427093142089846e-06
