# logA n_s theta_s_1e2 omega_b omega_dmb log10sigma_dmb tau_reio A_planck
1.122063506111903655e-03 1.123311601942944267e-04 3.361145589751143297e-06 3.026182232023442332e-06 -3.861397332419649994e-05 -2.363357186148000617e-03 6.089316986378189847e-04 6.692506901810749735e-08
1.123311601942944267e-04 2.715561448755019895e-05 6.014397608133359589e-07 4.830415756432259265e-07 -6.651082945247171003e-06 -2.580937477648933588e-03 6.494234392998212574e-05 -1.991960607630732797e-08
3.361145589751143297e-06 6.014397608133359589e-07 8.513061644143646789e-08 1.684433251036754457e-08 -1.790012291410440480e-07 1.205134000801665394e-05 1.875339750430731556e-06 -2.514244831349595218e-09
3.026182232023442332e-06 4.830415756432259265e-07 1.684433251036754457e-08 2.667464606311125224e-08 -1.774370233290963676e-07 -2.534557734348592473e-05 1.695401808375160946e-06 -4.550056747965023300e-09
-3.861397332419649994e-05 -6.651082945247171003e-06 -1.790012291410440480e-07 -1.774370233290963676e-07 2.512376035143833677e-06 3.003353840438200643e-04 -2.222519974256402268e-05 -1.071042212586789239e-07
-2.363357186148000617e-03 -2.580937477648933588e-03 1.205134000801665394e-05 -2.534557734348592473e-05 3.003353840438200643e-04 2.821289829768326385e+01 -1.195981902943508198e-03 -1.865442009947438197e-04
6.089316986378189847e-04 6.494234392998212574e-05 1.875339750430731556e-06 1.695401808375160946e-06 -2.222519974256402268e-05 -1.195981902943508198e-03 3.382619385056309224e-04 -5.577960342950688740e-06
6.692506901810749735e-08 -1.991960607630732797e-08 -2.514244831349595218e-09 -4.550056747965023300e-09 -1.071042212586789239e-07 -1.865442009947438197e-04 -5.577960342950688740e-06 5.798307615334444417e-06
