# logA n_s theta_s_1e2 omega_b omega_dmb log10sigma_dmb tau_reio A_planck
1.067193822495655703e-03 1.081824090620270241e-04 2.433134446354152798e-06 2.902856995464726473e-06 -3.779575477207146897e-05 5.108776506216371541e-04 5.792363256883860997e-04 1.204714977743138739e-06
1.081824090620270241e-04 2.846235469612006311e-05 5.599408150672991648e-07 5.163867656722714137e-07 -7.056853128524726272e-06 -1.135229672435165028e-03 6.294538739907088582e-05 2.305965308279929693e-07
2.433134446354152798e-06 5.599408150672991648e-07 9.214139497667049698e-08 1.615449892052093368e-08 -1.680243843819552003e-07 -5.277036255904117413e-06 1.378484741943737043e-06 1.122273556039668907e-08
2.902856995464726473e-06 5.163867656722714137e-07 1.615449892052093368e-08 2.738318230515270454e-08 -1.845336586173799020e-07 -8.998661274829340806e-06 1.611039065138392744e-06 1.991630712719798781e-08
-3.779575477207146897e-05 -7.056853128524726272e-06 -1.680243843819552003e-07 -1.845336586173799020e-07 2.647116462176466854e-06 7.074402635131728603e-05 -2.198754803530023066e-05 -8.440544318277443632e-08
5.108776506216371541e-04 -1.135229672435165028e-03 -5.277036255904117413e-06 -8.998661274829340806e-06 7.074402635131728603e-05 1.131494893730686080e+01 7.097670328765667402e-04 -1.774364014821540813e-04
5.792363256883860997e-04 6.294538739907088582e-05 1.378484741943737043e-06 1.611039065138392744e-06 -2.198754803530023066e-05 7.097670328765667402e-04 3.233685649134111729e-04 -5.693323576630645838e-06
1.204714977743138739e-06 2.305965308279929693e-07 1.122273556039668907e-08 1.991630712719798781e-08 -8.440544318277443632e-08 -1.774364014821540813e-04 -5.693323576630645838e-06 6.325674695426266427e-06
