# logA n_s theta_s_1e2 omega_b omega_dmb log10sigma_dmb tau_reio A_planck
1.122763432891668405e-03 1.158574850242034165e-04 2.892701112658392853e-06 3.237551494146776565e-06 -3.875325039049564330e-05 3.834887857295571812e-04 6.111803731610641281e-04 -1.614399095021558421e-06
1.158574850242034165e-04 2.969344808650139724e-05 5.960415957134814720e-07 5.743685108598472544e-07 -7.431939153092379942e-06 -1.014110683382036431e-03 6.805914762701229252e-05 -5.350432556921371512e-07
2.892701112658392853e-06 5.960415957134814720e-07 9.867494919233157797e-08 1.963535723315035973e-08 -1.774293621176636063e-07 -2.133905658910107087e-05 1.663551036272132088e-06 -4.343898251702284640e-08
3.237551494146776565e-06 5.743685108598472544e-07 1.963535723315035973e-08 3.064827912597040621e-08 -1.980596757465730401e-07 -1.566426996521907861e-05 1.808202516531973246e-06 3.424376544004767236e-09
-3.875325039049564330e-05 -7.431939153092379942e-06 -1.774293621176636063e-07 -1.980596757465730401e-07 2.719434734096930811e-06 1.345185196327536032e-04 -2.274266279499970417e-05 9.144315322275095706e-08
3.834887857295571812e-04 -1.014110683382036431e-03 -2.133905658910107087e-05 -1.566426996521907861e-05 1.345185196327536032e-04 4.439679023321942530e+00 2.607790622281268853e-04 4.538613817417678727e-05
6.111803731610641281e-04 6.805914762701229252e-05 1.663551036272132088e-06 1.808202516531973246e-06 -2.274266279499970417e-05 2.607790622281267769e-04 3.418046460883507570e-04 -7.202726568925143263e-06
-1.614399095021558421e-06 -5.350432556921371512e-07 -4.343898251702284640e-08 3.424376544004767236e-09 9.144315322275095706e-08 4.538613817417678727e-05 -7.202726568925143263e-06 6.262817512121788503e-06
