# logA n_s theta_s_1e2 omega_b omega_dmb log10sigma_dmb tau_reio A_planck
1.070927750435949006e-03 1.053116488438039572e-04 3.113650584633746914e-06 2.819394300982682021e-06 -3.587282252026196123e-05 1.578168597843384409e-03 5.819573011931003254e-04 -1.477428918208022512e-06
1.053116488438039572e-04 2.643050131152860767e-05 5.901812408018039352e-07 4.823140618541869840e-07 -6.492690470486335035e-06 -4.721835502193746079e-04 6.158992285894293334e-05 -2.569487465004207508e-07
3.113650584633746914e-06 5.901812408018039352e-07 9.635328999153501319e-08 1.589466890360003534e-08 -1.725808362896739283e-07 -3.280160260018456808e-05 1.745061595699860284e-06 -9.197578519769004872e-09
2.819394300982682021e-06 4.823140618541869840e-07 1.589466890360003534e-08 2.754473311299819250e-08 -1.752918798027086297e-07 6.881632033698562415e-06 1.585998596741024580e-06 -3.965420008553108065e-09
-3.587282252026196123e-05 -6.492690470486335035e-06 -1.725808362896739283e-07 -1.752918798027086297e-07 2.468745640059408496e-06 -9.021555223666130976e-05 -2.097301476941604086e-05 3.505803250005932615e-08
1.578168597843384409e-03 -4.721835502193744995e-04 -3.280160260018455452e-05 6.881632033698564109e-06 -9.021555223666130976e-05 2.847826208661588510e+01 1.094112415558878490e-03 8.201354785122303489e-05
5.819573011931003254e-04 6.158992285894293334e-05 1.745061595699860284e-06 1.585998596741024580e-06 -2.097301476941604086e-05 1.094112415558878490e-03 3.248789410414208018e-04 -6.871472403032572793e-06
-1.477428918208022512e-06 -2.569487465004207508e-07 -9.197578519769004872e-09 -3.965420008553108065e-09 3.505803250005932615e-08 8.201354785122303489e-05 -6.871472403032572793e-06 6.079199008099456877e-06
