# logA n_s theta_s_1e2 omega_b omega_dmb log10sigma_dmb tau_reio A_planck
1.002188445925125161e-03 1.001186658740970509e-04 2.125822987404364313e-06 2.630354763040975389e-06 -3.369601691149298230e-05 5.318253185762660462e-04 5.415647695013070962e-04 1.843490280431875745e-06
1.001186658740970509e-04 2.594462574928973003e-05 4.449389391469722619e-07 4.524889946422887265e-07 -6.095411163942766367e-06 -6.579968849083885291e-04 5.821025108462712949e-05 4.824689789394667314e-08
2.125822987404364313e-06 4.449389391469722619e-07 8.597715801290521559e-08 1.361332274681130677e-08 -1.277209623202219212e-07 -8.349125815862881329e-06 1.174133195650503452e-06 1.162946535505386481e-08
2.630354763040975389e-06 4.524889946422887265e-07 1.361332274681130677e-08 2.567664172989114304e-08 -1.655470683074452743e-07 -4.834375172016452401e-05 1.467217741667355650e-06 9.074492965686788659e-09
-3.369601691149298230e-05 -6.095411163942766367e-06 -1.277209623202219212e-07 -1.655470683074452743e-07 2.308630791089281300e-06 3.488060639215319206e-04 -1.959390612418859137e-05 -2.611478134262832011e-08
5.318253185762660462e-04 -6.579968849083885291e-04 -8.349125815862881329e-06 -4.834375172016452401e-05 3.488060639215319206e-04 1.632422943364876033e+01 2.152457848793678892e-05 2.457317847891761996e-04
5.415647695013070962e-04 5.821025108462712949e-05 1.174133195650503452e-06 1.467217741667355650e-06 -1.959390612418859137e-05 2.152457848793692784e-05 3.015745632730530202e-04 -5.492437993761885164e-06
1.843490280431875745e-06 4.824689789394667314e-08 1.162946535505386481e-08 9.074492965686788659e-09 -2.611478134262832011e-08 2.457317847891761996e-04 -5.492437993761885164e-06 6.416135783781875958e-06
