# logA n_s theta_s_1e2 omega_b omega_dmb log10sigma_dmb tau_reio A_planck
1.054129155658970309e-03 1.115680585697524142e-04 3.048810212571026120e-06 2.702587976626510645e-06 -3.653044145012924315e-05 1.561880636917987184e-03 5.714038825665518004e-04 3.139567818785261185e-07
1.115680585697524142e-04 2.795438557574976503e-05 6.005424983208219990e-07 4.686365942578644363e-07 -6.920098305868274971e-06 5.186012375425783170e-04 6.503235068638617690e-05 -3.457713576967118673e-07
3.048810212571026120e-06 6.005424983208219990e-07 9.680337652855018441e-08 1.598541886689488530e-08 -1.768984605639481319e-07 1.933186508622816878e-05 1.687007779989401034e-06 3.382684590853095066e-09
2.702587976626510645e-06 4.686365942578644363e-07 1.598541886689488530e-08 2.646184214985133658e-08 -1.693041849554589855e-07 -6.155761061065126342e-06 1.535478952609918825e-06 -9.809514535780755111e-09
-3.653044145012924315e-05 -6.920098305868274971e-06 -1.768984605639481319e-07 -1.693041849554589855e-07 2.590383125067609633e-06 -6.501123909069603105e-05 -2.140209370980917521e-05 4.139134042727129033e-08
1.561880636917987184e-03 5.186012375425783170e-04 1.933186508622816878e-05 -6.155761061065126342e-06 -6.501123909069603105e-05 4.136146454952432938e-01 6.792513739752402803e-04 -1.533252266665091095e-05
5.714038825665518004e-04 6.503235068638617690e-05 1.687007779989401034e-06 1.535478952609918825e-06 -2.140209370980917521e-05 6.792513739752402803e-04 3.185797890922226487e-04 -5.869500995667689595e-06
3.139567818785261185e-07 -3.457713576967118673e-07 3.382684590853095066e-09 -9.809514535780755111e-09 4.139134042727129033e-08 -1.533252266665091095e-05 -5.869500995667689595e-06 5.989057109431006069e-06
