# logA n_s theta_s_1e2 omega_b omega_dmb log10sigma_dmb tau_reio A_planck
1.080083450259357921e-03 1.135880768460219612e-04 3.042563169465936317e-06 3.039757138734203339e-06 -3.576321454862383797e-05 4.669512517631561541e-03 5.808099502295912490e-04 3.491594980131227591e-06
1.135880768460219612e-04 2.879986934820794018e-05 6.467350624665677839e-07 5.250758522052576051e-07 -6.647944988784506297e-06 1.567482918865006902e-03 6.506509710527079286e-05 3.528083146567312917e-07
3.042563169465936317e-06 6.467350624665677839e-07 1.122815557471508085e-07 1.703545554749520658e-08 -1.132977040974047107e-07 1.364745978442810062e-04 1.573656416837706631e-06 1.404060004594336287e-08
3.039757138734203339e-06 5.250758522052576051e-07 1.703545554749520658e-08 2.683267458683336414e-08 -1.751221179860548492e-07 1.787275747422618650e-05 1.689399197045903706e-06 6.100614229189847017e-09
-3.576321454862383797e-05 -6.647944988784506297e-06 -1.132977040974047107e-07 -1.751221179860548492e-07 2.603461561940282744e-06 1.523554842296028812e-04 -2.106514608562238828e-05 -5.195884348629809428e-08
4.669512517631561541e-03 1.567482918865006902e-03 1.364745978442810062e-04 1.787275747422618650e-05 1.523554842296028812e-04 3.700038766379819766e+00 1.950734385872805038e-03 -1.861425129195352896e-05
5.808099502295912490e-04 6.506509710527079286e-05 1.573656416837706631e-06 1.689399197045903706e-06 -2.106514608562238828e-05 1.950734385872805038e-03 3.217058486757179013e-04 -4.338694003233781111e-06
3.491594980131227591e-06 3.528083146567312917e-07 1.404060004594336287e-08 6.100614229189847017e-09 -5.195884348629809428e-08 -1.861425129195352896e-05 -4.338694003233781111e-06 6.113220268244000139e-06
