# logA n_s theta_s_1e2 omega_b omega_dmb log10sigma_dmb tau_reio A_planck
1.102760117143311916e-03 1.115670404720668440e-04 2.912876253297086465e-06 3.176684418008895566e-06 -3.802293358046648312e-05 -2.575444104831648654e-03 5.968988429749716223e-04 1.295768850926385137e-06
1.115670404720668440e-04 2.962499458285232113e-05 5.919436520100074343e-07 5.669862138406889855e-07 -7.306311718623939061e-06 -1.663279482342363462e-03 6.486926345784846512e-05 1.560329214989501140e-07
2.912876253297086465e-06 5.919436520100074343e-07 9.127403655463031702e-08 1.582666719156951731e-08 -1.670393042979728852e-07 -3.082663697845275844e-06 1.636828705961675244e-06 -1.000259948684011565e-08
3.176684418008895566e-06 5.669862138406889855e-07 1.582666719156951731e-08 2.922530334517500774e-08 -1.975379282105826430e-07 -3.248168099290844272e-05 1.778841938871314101e-06 6.613037733146363611e-09
-3.802293358046648312e-05 -7.306311718623939061e-06 -1.670393042979728852e-07 -1.975379282105826430e-07 2.739835856299437639e-06 2.044259896436254802e-04 -2.224922161549483548e-05 -4.611070232180373103e-08
-2.575444104831647787e-03 -1.663279482342363679e-03 -3.082663697845275844e-06 -3.248168099290844272e-05 2.044259896436254802e-04 2.674777225913623369e+01 -1.263570826654902184e-03 2.603432826387255860e-04
5.968988429749716223e-04 6.486926345784846512e-05 1.636828705961675033e-06 1.778841938871314525e-06 -2.224922161549483548e-05 -1.263570826654902184e-03 3.320243298451112848e-04 -5.443102029567008174e-06
1.295768850926385137e-06 1.560329214989501140e-07 -1.000259948684011565e-08 6.613037733146363611e-09 -4.611070232180373103e-08 2.603432826387255860e-04 -5.443102029567008174e-06 6.157012336738740153e-06
