# logA n_s theta_s_1e2 omega_b omega_dmb log10sigma_dmb tau_reio A_planck
1.066214699981915320e-03 1.017652149715204013e-04 3.011814172019493048e-06 2.819826682909087534e-06 -3.448598093598668731e-05 2.194512781209913190e-03 5.758083590381389821e-04 1.843528467689386076e-07
1.017652149715204013e-04 2.642215100200448840e-05 5.556066457069680980e-07 4.876722515873323659e-07 -6.523215048612460750e-06 -5.891936035258326168e-04 5.965896679591458973e-05 -1.758833668855225925e-07
3.011814172019493048e-06 5.556066457069680980e-07 9.305082262762570520e-08 1.722297659740088991e-08 -1.726423297135151908e-07 8.239684483956604075e-06 1.649934223610840163e-06 2.867869791040055500e-08
2.819826682909087534e-06 4.876722515873323659e-07 1.722297659740088991e-08 2.765348630190447817e-08 -1.755694250998336409e-07 5.520351121175640487e-06 1.573365317175189620e-06 8.884993853348116441e-09
-3.448598093598668731e-05 -6.523215048612460750e-06 -1.726423297135151908e-07 -1.755694250998336409e-07 2.457308788541594848e-06 2.549525835065275279e-05 -2.021004471680666129e-05 -1.247542555203029996e-08
2.194512781209913190e-03 -5.891936035258326168e-04 8.239684483956604075e-06 5.520351121175640487e-06 2.549525835065274940e-05 9.342261676008872584e+00 8.211713775364427436e-04 4.835311564473183596e-04
5.758083590381389821e-04 5.965896679591458973e-05 1.649934223610840163e-06 1.573365317175189620e-06 -2.021004471680666129e-05 8.211713775364427436e-04 3.197907898784756414e-04 -5.996606930992242182e-06
1.843528467689386076e-07 -1.758833668855225925e-07 2.867869791040055500e-08 8.884993853348116441e-09 -1.247542555203029996e-08 4.835311564473183596e-04 -5.996606930992242182e-06 6.114229641050574748e-06
