# logA n_s theta_s_1e2 omega_b omega_dmb log10sigma_dmb tau_reio A_planck
1.061873353341350390e-03 9.917670392719547812e-05 2.605548064858377418e-06 2.787150672141301582e-06 -3.502669489426949275e-05 1.188145306172992384e-03 5.752783827128135109e-04 -1.097107907970111533e-06
9.917670392719547812e-05 2.583306542271539659e-05 5.377215447132711612e-07 4.727621572561720873e-07 -6.367404782860925978e-06 -8.744292806296964822e-04 5.779655893492329492e-05 3.150284610139318374e-09
2.605548064858377418e-06 5.377215447132711612e-07 9.410772305728459907e-08 1.633917471466808546e-08 -1.523593443421737541e-07 9.084987522940102912e-06 1.444464143698638227e-06 2.268156003117464768e-10
2.787150672141301582e-06 4.727621572561720873e-07 1.633917471466808546e-08 2.742469199645684149e-08 -1.712292400460184807e-07 -3.444800315208330308e-06 1.569457795728731106e-06 -1.123344531936245525e-08
-3.502669489426949275e-05 -6.367404782860925978e-06 -1.523593443421737541e-07 -1.712292400460184807e-07 2.469438523909235346e-06 3.263777864497201215e-05 -2.043032412362041206e-05 -4.435326671779044888e-08
1.188145306172992384e-03 -8.744292806296964822e-04 9.084987522940102912e-06 -3.444800315208330308e-06 3.263777864497201215e-05 8.327890957230344782e+00 8.979485762184109604e-04 -1.468521216258477898e-04
5.752783827128135109e-04 5.779655893492329492e-05 1.444464143698638227e-06 1.569457795728731106e-06 -2.043032412362041206e-05 8.979485762184109604e-04 3.203741913237919390e-04 -6.783641757959141472e-06
-1.097107907970111533e-06 3.150284610139318374e-09 2.268156003117464768e-10 -1.123344531936245525e-08 -4.435326671779044888e-08 -1.468521216258477898e-04 -6.783641757959141472e-06 6.296401137281440854e-06
