# logA n_s theta_s_1e2 omega_b omega_dmb log10sigma_dmb tau_reio A_planck
1.079413640064183283e-03 1.067531511843582988e-04 2.782067704047086733e-06 2.859954487071121023e-06 -3.636523452196667439e-05 -3.543852681735182525e-04 5.865547969776816395e-04 -1.042749367710747063e-06
1.067531511843582988e-04 2.715432485939539399e-05 5.324632523163911405e-07 4.873867937942083055e-07 -6.673506188831262606e-06 -3.350940051518407872e-04 6.241149509217990888e-05 -1.183656343086095441e-07
2.782067704047086733e-06 5.324632523163911405e-07 9.188393899317523833e-08 1.586410547988759759e-08 -1.642206838935500778e-07 -1.504124860745667857e-05 1.577306363539622055e-06 -2.636006418117381238e-08
2.859954487071121023e-06 4.873867937942083055e-07 1.586410547988759759e-08 2.754150676322948681e-08 -1.795139399086776682e-07 -1.709056955938395380e-05 1.620493406605467404e-06 -1.227655962080780599e-08
-3.636523452196667439e-05 -6.673506188831262606e-06 -1.642206838935500778e-07 -1.795139399086776682e-07 2.559230776405035310e-06 3.143237076215270520e-06 -2.138536341702448689e-05 9.415544998056926559e-08
-3.543852681735182525e-04 -3.350940051518407872e-04 -1.504124860745667857e-05 -1.709056955938395380e-05 3.143237076215270520e-06 1.374878825614215216e+01 -4.000759533381717048e-04 4.085946844736846250e-04
5.865547969776816395e-04 6.241149509217990888e-05 1.577306363539622055e-06 1.620493406605467404e-06 -2.138536341702448689e-05 -4.000759533381717048e-04 3.279534798236422672e-04 -7.090754147027900152e-06
-1.042749367710747063e-06 -1.183656343086095441e-07 -2.636006418117381238e-08 -1.227655962080780599e-08 9.415544998056926559e-08 4.085946844736846250e-04 -7.090754147027900152e-06 6.482769754088838697e-06
