# logA n_s theta_s_1e2 omega_b omega_dmb log10sigma_dmb tau_reio A_planck
1.070085035249109104e-03 1.074987846689240135e-04 3.018815298333993157e-06 2.616217584121900622e-06 -3.515189240998197416e-05 1.566563703581093977e-03 5.795206176333292814e-04 2.546297897142344070e-07
1.074987846689240135e-04 2.712023890388011229e-05 5.755382998061372976e-07 4.748356895077169098e-07 -6.644286147614987318e-06 -6.607624630548382481e-04 6.246829428103111521e-05 5.899393471849205546e-08
3.018815298333993157e-06 5.755382998061372976e-07 9.204702338168565327e-08 1.443057813595010801e-08 -1.656446816961094434e-07 -2.060355001293071378e-05 1.700689654135522551e-06 -1.100150900673868195e-08
2.616217584121900622e-06 4.748356895077169098e-07 1.443057813595010801e-08 2.627673140175538783e-08 -1.687910012659634447e-07 2.580731325642455052e-07 1.476256881146900633e-06 -9.145058902375535247e-10
-3.515189240998197416e-05 -6.644286147614987318e-06 -1.656446816961094434e-07 -1.687910012659634447e-07 2.492170118969683595e-06 5.955530943753473350e-05 -2.062014406259370499e-05 8.217169635271252163e-09
1.566563703581093977e-03 -6.607624630548382481e-04 -2.060355001293071378e-05 2.580731325642455052e-07 5.955530943753473350e-05 3.005372566650021504e+00 9.374427519088352444e-04 -6.937955094862171385e-05
5.795206176333292814e-04 6.246829428103111521e-05 1.700689654135522551e-06 1.476256881146900633e-06 -2.062014406259370499e-05 9.374427519088352444e-04 3.229033512189131462e-04 -6.215299568516310352e-06
2.546297897142344070e-07 5.899393471849205546e-08 -1.100150900673868195e-08 -9.145058902375535247e-10 8.217169635271252163e-09 -6.937955094862171385e-05 -6.215299568516310352e-06 6.301391415082241200e-06
