# logA n_s theta_s_1e2 omega_b omega_dmb log10sigma_dmb tau_reio A_planck
1.067378884886001833e-03 1.062134798987842798e-04 2.874332592081931607e-06 2.914913269624987912e-06 -3.609029643262753076e-05 4.055737370403821236e-04 5.790099076868137446e-04 -5.114848586356378939e-07
1.062134798987842798e-04 2.719354900059829712e-05 5.944110763604151916e-07 4.921725722123028312e-07 -6.855358308299376596e-06 3.894219798169907642e-04 6.209371976820173564e-05 -3.303730200861487791e-08
2.874332592081931607e-06 5.944110763604151916e-07 9.687910721632676974e-08 1.658607614531319866e-08 -1.680801780828736679e-07 1.864160718859570449e-05 1.582632259974587764e-06 1.499964328087508042e-08
2.914913269624987912e-06 4.921725722123028312e-07 1.658607614531319866e-08 2.855365914028389202e-08 -1.779585237887632768e-07 -1.712576057334302422e-05 1.637073819626787193e-06 4.033576583497738606e-10
-3.609029643262753076e-05 -6.855358308299376596e-06 -1.680801780828736679e-07 -1.779585237887632768e-07 2.564082041409209783e-06 6.840892333425406251e-06 -2.116001917461958527e-05 9.124670705394405324e-09
4.055737370403821236e-04 3.894219798169907642e-04 1.864160718859570449e-05 -1.712576057334302422e-05 6.840892333425406251e-06 2.509785913336827878e+00 -6.421382468241120358e-05 -5.709133587730378801e-06
5.790099076868137446e-04 6.209371976820173564e-05 1.582632259974587764e-06 1.637073819626787193e-06 -2.116001917461958527e-05 -6.421382468241120358e-05 3.229358452890360837e-04 -6.355958529421615331e-06
-5.114848586356378939e-07 -3.303730200861487791e-08 1.499964328087508042e-08 4.033576583497738606e-10 9.124670705394405324e-09 -5.709133587730378801e-06 -6.355958529421615331e-06 6.074855945230834925e-06
