# logA n_s theta_s_1e2 omega_b omega_dmb log10sigma_dmb tau_reio A_planck
1.065792977825855093e-03 1.106611985732137564e-04 2.856564451941649707e-06 2.906139115085714779e-06 -3.598724650414904231e-05 -1.266862733790174566e-03 5.799290663625672124e-04 -1.558677617881301164e-06
1.106611985732137564e-04 2.866385331488909233e-05 6.167827138644578337e-07 5.008619816123401146e-07 -6.851887112980675515e-06 3.317260103560798327e-04 6.485061168375653399e-05 -2.869520361112171589e-07
2.856564451941649707e-06 6.167827138644578337e-07 1.026110048531852712e-07 1.587498026293976106e-08 -1.391418886382021160e-07 9.169250450822989988e-05 1.559560362196377243e-06 -5.316668528268606207e-09
2.906139115085714779e-06 5.008619816123401146e-07 1.587498026293976106e-08 2.628178686289446766e-08 -1.717751550685053193e-07 5.381104155715906067e-07 1.626445585964559915e-06 -1.284506834517083487e-09
-3.598724650414904231e-05 -6.851887112980675515e-06 -1.391418886382021160e-07 -1.717751550685053193e-07 2.523575760357165439e-06 2.113174739336961443e-04 -2.115586625799879082e-05 3.009436993085719368e-08
-1.266862733790174566e-03 3.317260103560798327e-04 9.169250450822989988e-05 5.381104155715906067e-07 2.113174739336961443e-04 7.698843209578353886e+00 -1.130185001958050606e-03 3.258987319410764629e-05
5.799290663625672124e-04 6.485061168375653399e-05 1.559560362196377243e-06 1.626445585964559915e-06 -2.115586625799879082e-05 -1.130185001958050606e-03 3.244905029084346011e-04 -7.005269832940662613e-06
-1.558677617881301164e-06 -2.869520361112171589e-07 -5.316668528268606207e-09 -1.284506834517083487e-09 3.009436993085719368e-08 3.258987319410764629e-05 -7.005269832940662613e-06 6.152671526698319187e-06
