# logA n_s theta_s_1e2 omega_b omega_dmb log10sigma_dmb tau_reio A_planck
1.041985113493589573e-03 1.003629099002872221e-04 2.518699064786716698e-06 2.719849914189187560e-06 -3.469139121179001746e-05 -1.364154371108761577e-03 5.681895967419909764e-04 -2.736834595960793729e-06
1.003629099002872221e-04 2.674513928690854062e-05 6.191774896802134214e-07 4.816509670734779796e-07 -6.564504381731789995e-06 1.712711490875222151e-04 5.923518066107943053e-05 -3.213440267452830454e-07
2.518699064786716698e-06 6.191774896802134214e-07 1.018728456360124318e-07 1.622312761038178842e-08 -1.648426322774168205e-07 3.696262113376322779e-05 1.441513446399199166e-06 -2.162834093618206252e-08
2.719849914189187560e-06 4.816509670734779796e-07 1.622312761038178842e-08 2.812652999586266763e-08 -1.759295456293630607e-07 -1.227173712397672878e-05 1.548784605217430450e-06 -1.253523327982635129e-08
-3.469139121179001746e-05 -6.564504381731789995e-06 -1.648426322774168205e-07 -1.759295456293630607e-07 2.523286674163203546e-06 2.694863241598451672e-04 -2.060042725190116853e-05 1.416117811990596619e-07
-1.364154371108761577e-03 1.712711490875222151e-04 3.696262113376322779e-05 -1.227173712397672878e-05 2.694863241598451672e-04 1.052775239127691975e+01 -1.685138631255297254e-03 2.929854665614000297e-04
5.681895967419909764e-04 5.923518066107943053e-05 1.441513446399199166e-06 1.548784605217430450e-06 -2.060042725190116853e-05 -1.685138631255297254e-03 3.189587744351098900e-04 -7.749705198409729431e-06
-2.736834595960793729e-06 -3.213440267452830454e-07 -2.162834093618206252e-08 -1.253523327982635129e-08 1.416117811990596619e-07 2.929854665614000297e-04 -7.749705198409729431e-06 6.195930801384585643e-06
