# logA n_s theta_s_1e2 omega_b omega_dmb log10sigma_dmb tau_reio A_planck
1.189329107395899502e-03 1.228979892198207348e-04 2.931700227120041830e-06 3.054304636027619635e-06 -3.973604416779213185e-05 -5.852358673897404238e-03 6.429809383707880011e-04 2.285088517801316994e-06
1.228979892198207348e-04 2.951340441116530886e-05 5.554866843823465380e-07 5.423663592286236483e-07 -7.515969198556119466e-06 -2.577472203328625886e-04 7.154757808035054048e-05 -2.098232711996632905e-08
2.931700227120041830e-06 5.554866843823465380e-07 9.736284613166259644e-08 1.642633682357980159e-08 -1.739649308331520564e-07 1.869798952903581592e-05 1.613424956305082404e-06 2.595181783972683904e-08
3.054304636027619635e-06 5.423663592286236483e-07 1.642633682357980159e-08 2.741700339346290844e-08 -1.837703141105724068e-07 6.475542677721578684e-06 1.703956085487089002e-06 1.210758451409570840e-08
-3.973604416779213185e-05 -7.515969198556119466e-06 -1.739649308331520564e-07 -1.837703141105724068e-07 2.723303998119963726e-06 1.810008072557850402e-04 -2.306060303053292782e-05 -1.706891154289689514e-07
-5.852358673897404238e-03 -2.577472203328625886e-04 1.869798952903581592e-05 6.475542677721578684e-06 1.810008072557850402e-04 9.479070824217968649e+00 -3.292762002769378336e-03 3.171433895845713995e-04
6.429809383707880011e-04 7.154757808035054048e-05 1.613424956305082404e-06 1.703956085487089002e-06 -2.306060303053292782e-05 -3.292762002769378336e-03 3.564675407126370057e-04 -4.898105767794157777e-06
2.285088517801316994e-06 -2.098232711996632905e-08 2.595181783972683904e-08 1.210758451409570840e-08 -1.706891154289689514e-07 3.171433895845713995e-04 -4.898105767794157777e-06 6.213518580097954225e-06
