# logA n_s theta_s_1e2 omega_b omega_dmb log10sigma_dmb tau_reio A_planck
1.078594044594996960e-03 1.148169081957140203e-04 3.353270074440372231e-06 2.861932989545617327e-06 -3.551635586261201214e-05 1.412269612705860508e-03 5.850120862490369809e-04 -8.193189038978816038e-07
1.148169081957140203e-04 2.871481792324948152e-05 7.671956303636422202e-07 5.378553432975269612e-07 -6.604968000773597137e-06 5.726811503484758713e-04 6.640093670608280402e-05 -2.826923568482018747e-07
3.353270074440372231e-06 7.671956303636422202e-07 1.345052632574195068e-07 2.132582781037935633e-08 -1.372932947445042065e-07 1.158687660836002525e-04 1.754785851554704450e-06 2.278902557808138931e-08
2.861932989545617327e-06 5.378553432975269612e-07 2.132582781037935633e-08 2.748889089815562759e-08 -1.678138546340210979e-07 1.126067295203581230e-05 1.602111782354250404e-06 -6.551047100137030267e-09
-3.551635586261201214e-05 -6.604968000773597137e-06 -1.372932947445042065e-07 -1.678138546340210979e-07 2.498604095658035569e-06 1.271291301899334005e-04 -2.089817480946602786e-05 5.657980424645641025e-08
1.412269612705860508e-03 5.726811503484758713e-04 1.158687660836002525e-04 1.126067295203581230e-05 1.271291301899334005e-04 9.632871247582788232e-01 4.104825932431144546e-04 4.439897658663319356e-05
5.850120862490369809e-04 6.640093670608280402e-05 1.754785851554704450e-06 1.602111782354250404e-06 -2.089817480946602786e-05 4.104825932431145630e-04 3.265284052210337858e-04 -6.847883212891500262e-06
-8.193189038978816038e-07 -2.826923568482018747e-07 2.278902557808138931e-08 -6.551047100137030267e-09 5.657980424645641025e-08 4.439897658663319356e-05 -6.847883212891500262e-06 6.336098401092240844e-06
