# logA n_s theta_s_1e2 omega_b omega_dmb log10sigma_dmb tau_reio A_planck
1.026582793911525772e-03 1.048089231451791720e-04 2.489371694692468771e-06 2.673680158862911573e-06 -3.479110850138748020e-05 2.043406092382400285e-04 5.545529951036414548e-04 2.697427041911402734e-06
1.048089231451791720e-04 2.683747129454243182e-05 5.948960878223756130e-07 4.831796018312663799e-07 -6.502005737933248746e-06 1.553062994045637435e-04 6.103811271032088810e-05 1.305259431650345680e-07
2.489371694692468771e-06 5.948960878223756130e-07 1.092643350836303182e-07 1.553400791682880051e-08 -1.332104706486875804e-07 7.835783240990857560e-05 1.384861988347947410e-06 2.544450108963731404e-09
2.673680158862911573e-06 4.831796018312663799e-07 1.553400791682880051e-08 2.605129781887933384e-08 -1.709256355575064227e-07 4.180822906922813317e-06 1.499530079659309433e-06 9.521423366587029120e-09
-3.479110850138748020e-05 -6.502005737933248746e-06 -1.332104706486875804e-07 -1.709256355575064227e-07 2.466492400512807699e-06 1.147763211576894454e-04 -2.026022158618676289e-05 -1.292355897891510282e-07
2.043406092382400285e-04 1.553062994045637435e-04 7.835783240990857560e-05 4.180822906922813317e-06 1.147763211576894454e-04 7.936113566732122537e-01 -6.405654893209145448e-07 -2.059622643103428970e-05
5.545529951036414548e-04 6.103811271032088810e-05 1.384861988347947410e-06 1.499530079659309433e-06 -2.026022158618676289e-05 -6.405654893209145448e-07 3.081724970255721782e-04 -4.611027460646584785e-06
2.697427041911402734e-06 1.305259431650345680e-07 2.544450108963731404e-09 9.521423366587029120e-09 -1.292355897891510282e-07 -2.059622643103428970e-05 -4.611027460646584785e-06 6.074059026304349337e-06
