# logA n_s theta_s_1e2 omega_b omega_dmb log10sigma_dmb tau_reio A_planck
1.170737263696449478e-03 1.181484185306786550e-04 3.040656745703519800e-06 3.165882154296519026e-06 -3.963054848723377907e-05 4.028628876868755801e-03 6.351570095544599968e-04 5.774690740024961115e-08
1.181484185306786550e-04 2.845035920901423196e-05 5.753951531023069927e-07 5.252130718862619536e-07 -7.108476076691320164e-06 5.955122498638083274e-04 6.861779695333804999e-05 -1.299736417001628517e-07
3.040656745703519800e-06 5.753951531023069927e-07 9.418365580132139552e-08 1.740557463102023304e-08 -1.780191161083680169e-07 -7.264478964655545054e-06 1.684132966413194364e-06 1.102771355247741592e-08
3.165882154296519026e-06 5.252130718862619536e-07 1.740557463102023304e-08 2.843114469102362103e-08 -1.882000167108402232e-07 -1.028000029894314986e-05 1.770446428763244118e-06 5.086265918083049541e-09
-3.963054848723377907e-05 -7.108476076691320164e-06 -1.780191161083680169e-07 -1.882000167108402232e-07 2.631657573087979915e-06 -1.305804147990583962e-04 -2.306426875736289987e-05 4.949677685611784332e-08
4.028628876868755801e-03 5.955122498638083274e-04 -7.264478964655545054e-06 -1.028000029894314986e-05 -1.305804147990583962e-04 5.678096353194422186e+00 1.792334418190263696e-03 1.010754815362570531e-04
6.351570095544599968e-04 6.861779695333804999e-05 1.684132966413194364e-06 1.770446428763244118e-06 -2.306426875736289987e-05 1.792334418190263696e-03 3.539319033006059012e-04 -6.526919556672114218e-06
5.774690740024961115e-08 -1.299736417001628517e-07 1.102771355247741592e-08 5.086265918083049541e-09 4.949677685611784332e-08 1.010754815362570531e-04 -6.526919556672114218e-06 6.415234100260621486e-06
