# logA n_s theta_s_1e2 omega_b omega_dmb log10sigma_dmb tau_reio A_planck
1.023845967972508795e-03 1.069464467083197239e-04 3.026363745497474343e-06 2.657533796467126978e-06 -3.411722484036634214e-05 -8.106204902839904067e-03 5.549491399738335244e-04 5.502109486316021337e-07
1.069464467083197239e-04 2.706825489244062225e-05 5.243608899147738915e-07 5.031002634871824342e-07 -6.728145885438390703e-06 -2.245419569591624535e-03 6.268290735699965559e-05 -2.472944125943059533e-07
3.026363745497474343e-06 5.243608899147738915e-07 8.923615040023690529e-08 1.690098211685633567e-08 -1.567914897182019537e-07 -5.739637115244635275e-05 1.659349360514555840e-06 1.309587554233908319e-09
2.657533796467126978e-06 5.031002634871824342e-07 1.690098211685633567e-08 2.924086452274168823e-08 -1.746515632921530959e-07 -5.883145577984540380e-05 1.511787886477371643e-06 -1.427631433839898550e-08
-3.411722484036634214e-05 -6.728145885438390703e-06 -1.567914897182019537e-07 -1.746515632921530959e-07 2.462033407958621969e-06 4.795662894384429488e-04 -2.011399750533929661e-05 2.797046851577024845e-08
-8.106204902839904067e-03 -2.245419569591624535e-03 -5.739637115244635275e-05 -5.883145577984540380e-05 4.795662894384429488e-04 1.311115176110525660e+01 -4.467905144441955238e-03 9.348840144678047779e-05
5.549491399738335244e-04 6.268290735699965559e-05 1.659349360514555840e-06 1.511787886477371643e-06 -2.011399750533929661e-05 -4.467905144441955238e-03 3.098066435637554365e-04 -5.911262439120634711e-06
5.502109486316021337e-07 -2.472944125943059533e-07 1.309587554233908319e-09 -1.427631433839898550e-08 2.797046851577024845e-08 9.348840144678047779e-05 -5.911262439120634711e-06 6.115903577156327472e-06
