# logA n_s theta_s_1e2 omega_b omega_dmb log10sigma_dmb tau_reio A_planck
1.106382194479801125e-03 1.160756383523976504e-04 3.014652181230413061e-06 2.882115238023704124e-06 -3.926162568573618873e-05 2.170410792321179807e-03 6.030506420448587335e-04 -1.393370244894263373e-07
1.160756383523976504e-04 2.854709260853613469e-05 6.265893175060462406e-07 5.065993718662559280e-07 -7.281836623827266448e-06 6.095480265839373210e-04 6.797529222680008944e-05 -3.123563631849211769e-07
3.014652181230413061e-06 6.265893175060462406e-07 9.503640998051581672e-08 1.726452463964050343e-08 -1.920457650703774455e-07 -1.572402347064080916e-06 1.705708860445898670e-06 -4.550067902614555311e-09
2.882115238023704124e-06 5.065993718662559280e-07 1.726452463964050343e-08 2.950665011197017043e-08 -1.891546610522519437e-07 -1.145985874055651674e-05 1.631816851790934189e-06 -3.385650430074817908e-09
-3.926162568573618873e-05 -7.281836623827266448e-06 -1.920457650703774455e-07 -1.891546610522519437e-07 2.720606764249163868e-06 -7.876242786597577913e-05 -2.308961356410920674e-05 1.506170243942251337e-07
2.170410792321179807e-03 6.095480265839373210e-04 -1.572402347064080916e-06 -1.145985874055651674e-05 -7.876242786597577913e-05 6.939136383176042422e+00 8.100966780496584706e-04 7.532545810196932359e-05
6.030506420448587335e-04 6.797529222680008944e-05 1.705708860445898670e-06 1.631816851790934189e-06 -2.308961356410920674e-05 8.100966780496584706e-04 3.384491338350944806e-04 -6.882403509240288295e-06
-1.393370244894263373e-07 -3.123563631849211769e-07 -4.550067902614555311e-09 -3.385650430074817908e-09 1.506170243942251337e-07 7.532545810196932359e-05 -6.882403509240288295e-06 6.545773817200338822e-06
