# logA n_s theta_s_1e2 omega_b omega_dmb log10sigma_dmb tau_reio A_planck
9.656647511903597826e-04 9.278971802063215005e-05 2.363153964588222415e-06 2.437509716448572180e-06 -3.029746965208530009e-05 1.234072006402842352e-03 5.222610136581277897e-04 -8.318226146953533803e-07
9.278971802063215005e-05 2.632928970669117061e-05 7.301195157029587476e-07 4.219000765300948678e-07 -5.908982205092389504e-06 1.077314446105155643e-03 5.506795551367805428e-05 -7.799057962798802232e-07
2.363153964588222415e-06 7.301195157029587476e-07 1.232598609413847959e-07 1.749868926372936292e-08 -1.088387898475222957e-07 1.316288737917452388e-04 1.250093609775252313e-06 -1.186056746032265625e-08
2.437509716448572180e-06 4.219000765300948678e-07 1.749868926372936292e-08 2.413820730035765873e-08 -1.490336112332457171e-07 1.351873035726950021e-05 1.380332876949742233e-06 -1.745149197291359354e-08
-3.029746965208530009e-05 -5.908982205092389504e-06 -1.088387898475222957e-07 -1.490336112332457171e-07 2.321847678472850951e-06 6.918079321572056302e-05 -1.823403589417161926e-05 1.742788415508234616e-07
1.234072006402842352e-03 1.077314446105155643e-03 1.316288737917452388e-04 1.351873035726950021e-05 6.918079321572056302e-05 1.222549284219403676e+00 5.333759841437915204e-04 -1.321856880776242247e-04
5.222610136581277897e-04 5.506795551367805428e-05 1.250093609775252313e-06 1.380332876949742233e-06 -1.823403589417161926e-05 5.333759841437915204e-04 2.917546021459674994e-04 -6.623601275640821147e-06
-8.318226146953533803e-07 -7.799057962798802232e-07 -1.186056746032265625e-08 -1.745149197291359354e-08 1.742788415508234616e-07 -1.321856880776242247e-04 -6.623601275640821147e-06 5.998741752464105124e-06
