# logA n_s theta_s_1e2 omega_b omega_dmb log10sigma_dmb tau_reio A_planck
9.871778965213633301e-04 9.898402365684224539e-05 2.781051675239868374e-06 2.664674146981460996e-06 -3.272938651277398713e-05 6.478842312686905512e-04 5.359269705987832486e-04 -1.531409288664718725e-06
9.898402365684224539e-05 2.720335155001737189e-05 5.417451203448774286e-07 4.480666221093012274e-07 -6.320363651127761414e-06 1.084126452210974973e-03 5.827170837406816232e-05 -3.510136480013359457e-07
2.781051675239868374e-06 5.417451203448774286e-07 9.098363051201533340e-08 1.546964962846021739e-08 -1.604033256522023973e-07 4.446021514248761744e-05 1.569228818884543673e-06 -2.174560611583173414e-08
2.664674146981460996e-06 4.480666221093012274e-07 1.546964962846021739e-08 2.530847470498279852e-08 -1.631185259769970675e-07 2.607345993234976979e-06 1.481736107624117108e-06 1.031952295167794421e-08
-3.272938651277398713e-05 -6.320363651127761414e-06 -1.604033256522023973e-07 -1.631185259769970675e-07 2.363165975777474193e-06 -2.680785116949294672e-05 -1.925461921721968053e-05 -1.027605636216066782e-08
6.478842312686905512e-04 1.084126452210974973e-03 4.446021514248761744e-05 2.607345993234976979e-06 -2.680785116949294672e-05 5.558204085524423910e+00 -2.699862303032132945e-04 2.292074754863784500e-04
5.359269705987832486e-04 5.827170837406816232e-05 1.569228818884543673e-06 1.481736107624117108e-06 -1.925461921721968053e-05 -2.699862303032132945e-04 3.000406525026864382e-04 -7.085785406029614589e-06
-1.531409288664718725e-06 -3.510136480013359457e-07 -2.174560611583173414e-08 1.031952295167794421e-08 -1.027605636216066782e-08 2.292074754863784500e-04 -7.085785406029614589e-06 6.208833366230631691e-06
