# logA n_s theta_s_1e2 omega_b omega_dmb log10sigma_dmb tau_reio A_planck
1.064410171484406979e-03 1.079457857183652050e-04 3.065433335640366459e-06 2.731439333175965240e-06 -3.420679937407260224e-05 4.768657329904953113e-03 5.771102434527389073e-04 -1.486775182904457409e-06
1.079457857183652050e-04 2.769738077674801889e-05 6.523692758732317044e-07 5.096288963118429718e-07 -6.407881957220340132e-06 1.094511939979410332e-03 6.266099663795037672e-05 -1.945837750778600047e-07
3.065433335640366459e-06 6.523692758732317044e-07 1.041843327475665846e-07 1.800574989061610637e-08 -1.498316157308871221e-07 1.201018798259675821e-04 1.670319632919005951e-06 -7.014062578966526734e-09
2.731439333175965240e-06 5.096288963118429718e-07 1.800574989061610637e-08 2.650018898556918215e-08 -1.607007171062639459e-07 2.623661490815670528e-05 1.530497638733439379e-06 -7.234863654772042488e-09
-3.420679937407260224e-05 -6.407881957220340132e-06 -1.498316157308871221e-07 -1.607007171062639459e-07 2.363511499034100492e-06 4.357211133146253132e-05 -2.003318966312586845e-05 1.573321522182530450e-08
4.768657329904953113e-03 1.094511939979410332e-03 1.201018798259675821e-04 2.623661490815670528e-05 4.357211133146253132e-05 3.613526902286853026e+00 2.114620718497302668e-03 2.129775775600261490e-05
5.771102434527389073e-04 6.266099663795037672e-05 1.670319632919005951e-06 1.530497638733439379e-06 -2.003318966312586845e-05 2.114620718497302668e-03 3.218732968188238322e-04 -7.173105132819821554e-06
-1.486775182904457409e-06 -1.945837750778600047e-07 -7.014062578966526734e-09 -7.234863654772042488e-09 1.573321522182530450e-08 2.129775775600261490e-05 -7.173105132819821554e-06 6.415607804071514960e-06
