# logA n_s theta_s_1e2 omega_b omega_dmb log10sigma_dmb tau_reio A_planck
1.117710545348180951e-03 1.123567765181249131e-04 3.216699479921792036e-06 2.948012093024020704e-06 -3.659869982571198587e-05 4.907471223469655162e-03 6.079335809565553864e-04 -2.841302204164119158e-06
1.123567765181249131e-04 2.822045713000972603e-05 6.309680348877791032e-07 5.082888298314952871e-07 -6.811221208935347106e-06 1.152740411064576446e-03 6.543277213182159438e-05 -1.877754087416693509e-07
3.216699479921792036e-06 6.309680348877791032e-07 9.694672036434413291e-08 1.591103208376974161e-08 -1.561196888886482360e-07 9.171805625653943039e-05 1.752289260936447166e-06 9.456925498300690760e-09
2.948012093024020704e-06 5.082888298314952871e-07 1.591103208376974161e-08 2.801017835056679784e-08 -1.780371588294627960e-07 1.155570255899163367e-05 1.660745330682533371e-06 -8.883249900456816569e-09
-3.659869982571198587e-05 -6.811221208935347106e-06 -1.561196888886482360e-07 -1.780371588294627960e-07 2.589837641547307190e-06 4.612573171347933394e-05 -2.160557477450585024e-05 1.092120451969609847e-07
4.907471223469655162e-03 1.152740411064576446e-03 9.171805625653943039e-05 1.155570255899163367e-05 4.612573171347933394e-05 7.767014820323266733e+00 2.184844312285589337e-03 1.172510530873703078e-04
6.079335809565553864e-04 6.543277213182159438e-05 1.752289260936446955e-06 1.660745330682533371e-06 -2.160557477450585024e-05 2.184844312285589337e-03 3.397756264696153924e-04 -7.806940687131572648e-06
-2.841302204164119158e-06 -1.877754087416693509e-07 9.456925498300690760e-09 -8.883249900456816569e-09 1.092120451969609847e-07 1.172510530873703078e-04 -7.806940687131572648e-06 6.253681720370566450e-06
