# logA n_s theta_s_1e2 omega_b omega_dmb log10sigma_dmb tau_reio A_planck
1.090822983477814567e-03 1.094030782723916294e-04 2.711466257679831285e-06 2.950586554175778712e-06 -3.740021608740200801e-05 -5.706207543772959636e-04 5.940253065235387344e-04 -1.121388235463801746e-06
1.094030782723916294e-04 2.836640702077252333e-05 5.717521943535204095e-07 5.051463818020969443e-07 -6.892396287030783766e-06 1.070119560933942542e-03 6.384988697738092479e-05 -2.527262758116109833e-07
2.711466257679831285e-06 5.717521943535204095e-07 9.205705700150465810e-08 1.345447485392957698e-08 -1.493767499229185405e-07 6.294108885210849744e-05 1.485933130652272270e-06 2.768834761550464703e-10
2.950586554175778712e-06 5.051463818020969443e-07 1.345447485392957698e-08 2.769626047583511349e-08 -1.802091049529581786e-07 -1.428655335404592414e-05 1.654797947994814665e-06 8.605392386835911211e-09
-3.740021608740200801e-05 -6.892396287030783766e-06 -1.493767499229185405e-07 -1.802091049529581786e-07 2.571562377788763300e-06 3.945412126882810454e-06 -2.178940168030143814e-05 -5.087885863616591111e-08
-5.706207543772959636e-04 1.070119560933942542e-03 6.294108885210849744e-05 -1.428655335404592414e-05 3.945412126882810454e-06 5.517394047177921479e+00 -8.978856446712914609e-04 1.346535337272911363e-04
5.940253065235387344e-04 6.384988697738092479e-05 1.485933130652272270e-06 1.654797947994814665e-06 -2.178940168030143814e-05 -8.978856446712914609e-04 3.326586246648623700e-04 -7.033598556855930327e-06
-1.121388235463801746e-06 -2.527262758116109833e-07 2.768834761550464703e-10 8.605392386835911211e-09 -5.087885863616591111e-08 1.346535337272911363e-04 -7.033598556855930327e-06 6.424634028449850362e-06
