# logA n_s theta_s_1e2 omega_b omega_dmb log10sigma_dmb tau_reio A_planck
1.016895870872042097e-03 1.037144413287707052e-04 2.425959726186242598e-06 2.751549913937685319e-06 -3.415806757345546483e-05 -1.084118851108393415e-03 5.514525444295930064e-04 -2.122938637217238122e-09
1.037144413287707052e-04 2.626269028287869190e-05 5.753400236214887657e-07 4.773978519230829665e-07 -6.312999617439434913e-06 4.591475661769203157e-04 5.992230011901741990e-05 2.517186402873969721e-08
2.425959726186242598e-06 5.753400236214887657e-07 9.096792288342995893e-08 1.285228812369533383e-08 -1.280446299090069966e-07 8.191070395104995165e-05 1.303897237576436578e-06 4.085594634677456038e-09
2.751549913937685319e-06 4.773978519230829665e-07 1.285228812369533383e-08 2.765304864569080854e-08 -1.784377432074226923e-07 -4.465913268894172348e-05 1.574192511635620028e-06 -6.980472477298368431e-09
-3.415806757345546483e-05 -6.312999617439434913e-06 -1.280446299090069966e-07 -1.784377432074226923e-07 2.513165793170328833e-06 3.574786699004675041e-04 -2.028439461325424453e-05 3.391080594525377518e-08
-1.084118851108393415e-03 4.591475661769203157e-04 8.191070395104995165e-05 -4.465913268894172348e-05 3.574786699004675041e-04 6.104232852073923965e+00 -1.601967849419404320e-03 -1.619113520378392368e-05
5.514525444295928979e-04 5.992230011901741990e-05 1.303897237576436578e-06 1.574192511635620028e-06 -2.028439461325424453e-05 -1.601967849419404320e-03 3.087632722472818860e-04 -6.386516608611949825e-06
-2.122938637217238122e-09 2.517186402873969721e-08 4.085594634677456038e-09 -6.980472477298368431e-09 3.391080594525377518e-08 -1.619113520378392368e-05 -6.386516608611948978e-06 6.311035061428819146e-06
