# logA n_s theta_s_1e2 omega_b omega_dmb log10sigma_dmb tau_reio A_planck
1.015865608262531399e-03 1.013860681527369072e-04 2.842588965140020683e-06 2.658423273156509102e-06 -3.325689949707651523e-05 1.092958713069220851e-03 5.482651135290709469e-04 1.708059411293815233e-06
1.013860681527369072e-04 2.686729507961720313e-05 6.444829213836267467e-07 4.894721129661088255e-07 -6.241139474744039768e-06 6.075479241557394045e-04 5.891821799204977961e-05 6.558832505802460812e-08
2.842588965140020683e-06 6.444829213836267467e-07 1.065313440979564156e-07 1.611091115332374581e-08 -1.226698511481213544e-07 8.592997499429303474e-05 1.513360332667446167e-06 7.316840803608681696e-10
2.658423273156509102e-06 4.894721129661088255e-07 1.611091115332374581e-08 2.678863187847732227e-08 -1.684425992386239211e-07 9.632840926327504371e-06 1.490021845183278097e-06 4.973696688963296026e-09
-3.325689949707651523e-05 -6.241139474744039768e-06 -1.226698511481213544e-07 -1.684425992386239211e-07 2.458667239946567494e-06 1.180244742993595466e-04 -1.963897939754874949e-05 -2.784910289834670234e-08
1.092958713069220851e-03 6.075479241557394045e-04 8.592997499429303474e-05 9.632840926327504371e-06 1.180244742993595466e-04 1.178023605911758809e+00 2.687655073548986728e-04 -2.707328326916157982e-06
5.482651135290709469e-04 5.891821799204977961e-05 1.513360332667446167e-06 1.490021845183278097e-06 -1.963897939754874949e-05 2.687655073548986728e-04 3.051170700939991672e-04 -5.387141610900427800e-06
1.708059411293815233e-06 6.558832505802460812e-08 7.316840803608681696e-10 4.973696688963296026e-09 -2.784910289834670234e-08 -2.707328326916157982e-06 -5.387141610900427800e-06 6.245384494076714325e-06
