# logA n_s theta_s_1e2 omega_b omega_dmb log10sigma_dmb tau_reio A_planck
1.104584598017901509e-03 1.084141659728641102e-04 3.201609037456711312e-06 2.957874552791208497e-06 -3.685317784270322506e-05 1.853023009600168833e-03 5.977463366387867445e-04 -5.053518343743250793e-07
1.084141659728641102e-04 2.853810013543552375e-05 5.770808176972206938e-07 5.031439234653653878e-07 -6.755448416250169509e-06 8.402525486415051564e-04 6.299112090211830730e-05 -1.509932918352385207e-07
3.201609037456711312e-06 5.770808176972206938e-07 9.687922287846774426e-08 1.475440578083549538e-08 -1.492963685843515930e-07 4.587330868236145012e-05 1.753175090432720819e-06 -2.367429443503152442e-08
2.957874552791208497e-06 5.031439234653653878e-07 1.475440578083549538e-08 2.857346158177550916e-08 -1.856905440340488502e-07 -1.288246173888985959e-05 1.662633079802605862e-06 2.473439228491261206e-09
-3.685317784270322506e-05 -6.755448416250169509e-06 -1.492963685843515930e-07 -1.856905440340488502e-07 2.556705819366691207e-06 2.801418891344468820e-06 -2.155213071943419165e-05 3.398721750923624583e-08
1.853023009600168833e-03 8.402525486415051564e-04 4.587330868236145012e-05 -1.288246173888985959e-05 2.801418891344468820e-06 5.302536771242729152e+00 7.248728186859253620e-04 -1.719934840611774039e-04
5.977463366387867445e-04 6.299112090211830730e-05 1.753175090432720819e-06 1.662633079802606286e-06 -2.155213071943419165e-05 7.248728186859253620e-04 3.328282145443462836e-04 -6.703429192612830104e-06
-5.053518343743250793e-07 -1.509932918352385207e-07 -2.367429443503152442e-08 2.473439228491261206e-09 3.398721750923624583e-08 -1.719934840611774039e-04 -6.703429192612830104e-06 6.370429578061911716e-06
