# logA n_s theta_s_1e2 omega_b omega_dmb log10sigma_dmb tau_reio A_planck
1.084902343095586665e-03 1.068366038725984831e-04 2.584562807691415282e-06 2.867827592164763180e-06 -3.713491401327377280e-05 -4.301855928887994996e-04 5.881541371698023385e-04 1.138272059199270581e-06
1.068366038725984831e-04 2.747876192993922961e-05 6.545913256926094468e-07 4.935118106038286962e-07 -6.473128064730532949e-06 6.057517234460347080e-04 6.181732887992290976e-05 7.852171222397885177e-08
2.584562807691415282e-06 6.545913256926094468e-07 1.125949156508517450e-07 1.492500834802298026e-08 -1.122987214869194695e-07 1.077277350315340449e-04 1.353122324042005948e-06 7.016734844441150159e-09
2.867827592164763180e-06 4.935118106038286962e-07 1.492500834802298026e-08 2.674373550951271719e-08 -1.717632275357257906e-07 1.072604085388940254e-05 1.602385916177656954e-06 1.393935183848966393e-09
-3.713491401327377280e-05 -6.473128064730532949e-06 -1.122987214869194695e-07 -1.717632275357257906e-07 2.564685551610881412e-06 1.948622820960801570e-04 -2.165603715472036821e-05 -9.685933803653794659e-08
-4.301855928887994996e-04 6.057517234460347080e-04 1.077277350315340449e-04 1.072604085388940254e-05 1.948622820960801570e-04 1.222559567351771070e+00 -6.208824363289432548e-04 -2.602461263957865356e-06
5.881541371698023385e-04 6.181732887992290976e-05 1.353122324042005948e-06 1.602385916177656954e-06 -2.165603715472036821e-05 -6.208824363289432548e-04 3.278121962911421656e-04 -5.587718437303022389e-06
1.138272059199270581e-06 7.852171222397885177e-08 7.016734844441150159e-09 1.393935183848966393e-09 -9.685933803653794659e-08 -2.602461263957865356e-06 -5.587718437303022389e-06 6.244948468945124631e-06
