# logA n_s theta_s_1e2 omega_b omega_dmb log10sigma_dmb tau_reio A_planck
1.054864107404212669e-03 1.035021363653542429e-04 3.054301655836069689e-06 2.785078955402936349e-06 -3.395866124146774528e-05 2.077081360034532071e-04 5.689220305440072364e-04 7.546711357624495690e-07
1.035021363653542429e-04 2.646661334265591045e-05 6.107440050969247073e-07 4.815978646451319028e-07 -6.276110709187631059e-06 5.728055121067803911e-04 5.999974326755984426e-05 3.383013367494949403e-08
3.054301655836069689e-06 6.107440050969247073e-07 1.019809209503555807e-07 1.647620041761885353e-08 -1.459060131490813760e-07 1.159872397378632276e-04 1.635385134548582700e-06 2.204998674349824838e-08
2.785078955402936349e-06 4.815978646451319028e-07 1.647620041761885353e-08 2.616703570596626693e-08 -1.668319064256954637e-07 3.079043177715107465e-06 1.560100969782552480e-06 -4.299649589787430060e-09
-3.395866124146774528e-05 -6.276110709187631059e-06 -1.459060131490813760e-07 -1.668319064256954637e-07 2.402798347769103092e-06 2.630969847086315734e-04 -1.993948044943236455e-05 2.569152746858609500e-08
2.077081360034532071e-04 5.728055121067803911e-04 1.159872397378632276e-04 3.079043177715107465e-06 2.630969847086315734e-04 7.732490247819182372e+00 -3.085537022042156036e-04 -7.321751426047038997e-05
5.689220305440072364e-04 5.999974326755984426e-05 1.635385134548582700e-06 1.560100969782552480e-06 -1.993948044943236455e-05 -3.085537022042156036e-04 3.153346825168176532e-04 -5.367884596664605255e-06
7.546711357624495690e-07 3.383013367494949403e-08 2.204998674349824838e-08 -4.299649589787430060e-09 2.569152746858609500e-08 -7.321751426047038997e-05 -5.367884596664605255e-06 5.743935979197568252e-06
