# logA n_s theta_s_1e2 omega_b omega_dmb log10sigma_dmb tau_reio A_planck
1.055946527970942021e-03 9.817542687192840403e-05 2.327397904598848868e-06 2.714893528731248486e-06 -3.465265866949080240e-05 -8.007442761814299826e-04 5.715167003434547732e-04 -5.042287337746532598e-07
9.817542687192840403e-05 2.545314146974858300e-05 4.604218502815798280e-07 4.642163358087857073e-07 -6.158955349722089180e-06 -1.238024861377506761e-03 5.744491393326945809e-05 -1.793511102020821338e-07
2.327397904598848868e-06 4.604218502815798280e-07 8.726014314178400241e-08 1.436671472191173542e-08 -1.483310693468448962e-07 8.032894608407789485e-05 1.304032726480977124e-06 9.383809619475297878e-09
2.714893528731248486e-06 4.642163358087857073e-07 1.436671472191173542e-08 2.747301321249820752e-08 -1.725516364386239402e-07 8.094741141427520218e-06 1.535535938017681687e-06 -1.129079100829698174e-08
-3.465265866949080240e-05 -6.158955349722089180e-06 -1.483310693468448962e-07 -1.725516364386239402e-07 2.353984350646043480e-06 4.956975176091592093e-05 -2.022956633331268305e-05 6.955785780604642977e-08
-8.007442761814299826e-04 -1.238024861377506761e-03 8.032894608407789485e-05 8.094741141427520218e-06 4.956975176091592093e-05 1.555524186736258585e+01 -4.568976207119131291e-04 1.008033937535443949e-04
5.715167003434547732e-04 5.744491393326945809e-05 1.304032726480977124e-06 1.535535938017681687e-06 -2.022956633331268305e-05 -4.568976207119131291e-04 3.180590470309452582e-04 -6.481541217383293867e-06
-5.042287337746532598e-07 -1.793511102020821338e-07 9.383809619475297878e-09 -1.129079100829698174e-08 6.955785780604642977e-08 1.008033937535443678e-04 -6.481541217383293867e-06 6.181586372392738196e-06
