# logA n_s theta_s_1e2 omega_b omega_dmb log10sigma_dmb tau_reio A_planck
1.116881254526333944e-03 1.160764194538354801e-04 2.943643804347613582e-06 3.051667693939475110e-06 -3.771527053177103748e-05 -1.806196044997784508e-03 6.031759622802178138e-04 2.498688485524217203e-06
1.160764194538354801e-04 2.945533972264179407e-05 5.460428687960110828e-07 5.432823574075035327e-07 -7.043161246274475089e-06 -8.866957092627470111e-04 6.684617708142489862e-05 4.581576623212642546e-07
2.943643804347613582e-06 5.460428687960110828e-07 9.078780330136049761e-08 1.557034549045727958e-08 -1.542060063852360833e-07 7.900072867744206440e-06 1.637637893172208917e-06 -8.685941927690056582e-10
3.051667693939475110e-06 5.432823574075035327e-07 1.557034549045727958e-08 2.815935959088658032e-08 -1.850041127874822325e-07 -9.070606225729873099e-06 1.709985914337122371e-06 4.562837957107934571e-09
-3.771527053177103748e-05 -7.043161246274475089e-06 -1.542060063852360833e-07 -1.850041127874822325e-07 2.538210946114394982e-06 1.270986135887505232e-04 -2.184098657946614711e-05 -1.080630195411059506e-07
-1.806196044997784508e-03 -8.866957092627470111e-04 7.900072867744206440e-06 -9.070606225729873099e-06 1.270986135887505232e-04 5.163580397310560066e+00 -5.023750198693052033e-04 -2.496652061939826127e-04
6.031759622802178138e-04 6.684617708142489862e-05 1.637637893172208917e-06 1.709985914337122371e-06 -2.184098657946614711e-05 -5.023750198693052033e-04 3.342903159190982270e-04 -4.612907955706680089e-06
2.498688485524217203e-06 4.581576623212642546e-07 -8.685941927690056582e-10 4.562837957107934571e-09 -1.080630195411059506e-07 -2.496652061939826127e-04 -4.612907955706680089e-06 6.008861518781196182e-06
