# logA n_s theta_s_1e2 omega_b omega_dmb log10sigma_dmb tau_reio A_planck
1.057890423180437439e-03 1.082990802544776522e-04 3.357721273718763822e-06 2.814545105423664643e-06 -3.559936884528753338e-05 1.631970867755210084e-03 5.700762978920247224e-04 3.051278426096278209e-06
1.082990802544776522e-04 2.746701083838692668e-05 6.972407472179178324e-07 5.099918187431016405e-07 -6.530791206108842758e-06 8.662286334047790675e-04 6.265746712828621369e-05 4.077402274280536981e-08
3.357721273718763822e-06 6.972407472179178324e-07 1.139256996447148700e-07 1.892879826121130460e-08 -1.537696941009771352e-07 1.180238359733205204e-04 1.787544102650183478e-06 1.375137909195245107e-08
2.814545105423664643e-06 5.099918187431016405e-07 1.892879826121130460e-08 2.823556749394738541e-08 -1.777045086048734050e-07 1.778677101777620056e-05 1.572802442198710507e-06 5.238008455371785046e-09
-3.559936884528753338e-05 -6.530791206108842758e-06 -1.537696941009771352e-07 -1.777045086048734050e-07 2.506612818450147588e-06 5.981030877941083168e-05 -2.079334929964212703e-05 -5.738032561282610991e-08
1.631970867755210084e-03 8.662286334047790675e-04 1.180238359733205204e-04 1.778677101777620056e-05 5.981030877941083168e-05 1.761218522959415944e+00 4.607539685229088979e-04 1.149998427275458697e-04
5.700762978920247224e-04 6.265746712828621369e-05 1.787544102650183478e-06 1.572802442198710507e-06 -2.079334929964212703e-05 4.607539685229087895e-04 3.167216553624269300e-04 -5.051011025912080925e-06
3.051278426096278209e-06 4.077402274280536981e-08 1.375137909195245107e-08 5.238008455371785046e-09 -5.738032561282610991e-08 1.149998427275458697e-04 -5.051011025912080078e-06 6.612380120454616440e-06
