# logA n_s theta_s_1e2 omega_b omega_dmb log10sigma_dmb tau_reio A_planck
1.034032867401324211e-03 1.008112503230820133e-04 2.673706975959503163e-06 2.889381559061253552e-06 -3.329610937618494257e-05 1.022928707796526455e-03 5.557394465804699505e-04 2.327750699381355796e-06
1.008112503230820133e-04 2.744844325510589051e-05 6.680676374325954266e-07 5.029447829301676542e-07 -6.129420316357671234e-06 8.592483878442700026e-04 5.864120966645007131e-05 -1.973225536204817491e-07
2.673706975959503163e-06 6.680676374325954266e-07 1.110626616555411726e-07 1.678690325534285202e-08 -1.282491496802474586e-07 9.548108364034847489e-05 1.423983016283345708e-06 8.775332569411963717e-09
2.889381559061253552e-06 5.029447829301676542e-07 1.678690325534285202e-08 2.812094093305868363e-08 -1.716779489317884739e-07 1.071927285273790144e-05 1.602036867965041241e-06 8.678638841828166275e-09
-3.329610937618494257e-05 -6.129420316357671234e-06 -1.282491496802474586e-07 -1.716779489317884739e-07 2.349900455935853882e-06 6.187566842599627470e-05 -1.951396713111978840e-05 -1.001323736812747497e-09
1.022928707796526455e-03 8.592483878442700026e-04 9.548108364034847489e-05 1.071927285273790144e-05 6.187566842599627470e-05 1.187919892962040258e+00 3.408530619920425867e-04 -2.576402869518746761e-05
5.557394465804699505e-04 5.864120966645007131e-05 1.423983016283345708e-06 1.602036867965041241e-06 -1.951396713111978840e-05 3.408530619920425867e-04 3.078062551221142848e-04 -5.039281119682511183e-06
2.327750699381355796e-06 -1.973225536204817491e-07 8.775332569411963717e-09 8.678638841828166275e-09 -1.001323736812747497e-09 -2.576402869518746761e-05 -5.039281119682511183e-06 6.157735545678682622e-06
