# logA n_s theta_s_1e2 omega_b omega_dmb log10sigma_dmb tau_reio A_planck
1.062486892780028797e-03 1.078681481908114062e-04 2.794525645937977871e-06 2.884252129467745096e-06 -3.631092502632974809e-05 -3.981221844429208914e-03 5.757117214110900631e-04 1.278494456078324210e-06
1.078681481908114062e-04 2.831961704656591635e-05 5.348217033684014204e-07 5.151928961788561085e-07 -6.811263728563133804e-06 -1.588677415245328935e-03 6.273192148677907305e-05 1.369308704587905274e-07
2.794525645937977871e-06 5.348217033684014204e-07 8.764880623312639380e-08 1.478781806418219577e-08 -1.571526875319829143e-07 -1.981822006274037157e-05 1.555220460363779952e-06 1.312143782156697739e-09
2.884252129467745096e-06 5.151928961788561085e-07 1.478781806418219577e-08 2.802073397620693499e-08 -1.834668010961666983e-07 -1.758134997796797236e-05 1.619763583899226979e-06 5.403936483767923381e-09
-3.631092502632974809e-05 -6.811263728563133804e-06 -1.571526875319829143e-07 -1.834668010961666983e-07 2.567886733620102294e-06 1.087461358300658419e-04 -2.123806119346273764e-05 -3.344102048218984492e-08
-3.981221844429208914e-03 -1.588677415245328935e-03 -1.981822006274037157e-05 -1.758134997796797236e-05 1.087461358300658419e-04 1.771109435662906506e+01 -1.669153786315810033e-03 -1.299798525480088708e-04
5.757117214110900631e-04 6.273192148677907305e-05 1.555220460363779952e-06 1.619763583899226979e-06 -2.123806119346273764e-05 -1.669153786315809383e-03 3.209516001159930698e-04 -5.671693005516154967e-06
1.278494456078324210e-06 1.369308704587905274e-07 1.312143782156697739e-09 5.403936483767923381e-09 -3.344102048218984492e-08 -1.299798525480088437e-04 -5.671693005516154967e-06 6.370599215488631974e-06
