# logA n_s theta_s_1e2 omega_b omega_dmb log10sigma_dmb tau_reio A_planck
1.037970893511181965e-03 1.090706360437284663e-04 2.762347109053382456e-06 2.767639646322374399e-06 -3.624403926927911325e-05 2.035986655873392155e-04 5.655686593077847079e-04 -9.558472750770557397e-07
1.090706360437284663e-04 2.688213593159803034e-05 5.217687740043449010e-07 4.340366753038973655e-07 -6.597356083847117408e-06 4.418399718257685362e-04 6.357102685437578387e-05 -4.172411580011528262e-07
2.762347109053382456e-06 5.217687740043449010e-07 9.224475550775629687e-08 1.278180344429054559e-08 -1.442837281853725412e-07 1.610331616224711045e-05 1.529489778958861951e-06 -1.087382288466333369e-08
2.767639646322374399e-06 4.340366753038973655e-07 1.278180344429054559e-08 2.471738392422652586e-08 -1.570202329820284066e-07 -1.248087556568010096e-05 1.534597380023272140e-06 1.424336458494815270e-08
-3.624403926927911325e-05 -6.597356083847117408e-06 -1.442837281853725412e-07 -1.570202329820284066e-07 2.382109587234047245e-06 -8.250718337790549964e-05 -2.111087069369717425e-05 7.824760424658745714e-08
2.035986655873392155e-04 4.418399718257685362e-04 1.610331616224711045e-05 -1.248087556568010096e-05 -8.250718337790549964e-05 5.896674935842678433e-01 1.231871386936277612e-04 -1.260062679285479318e-04
5.655686593077847079e-04 6.357102685437578387e-05 1.529489778958861951e-06 1.534597380023272140e-06 -2.111087069369717425e-05 1.231871386936277612e-04 3.166075154575368963e-04 -6.457948002517582757e-06
-9.558472750770557397e-07 -4.172411580011528262e-07 -1.087382288466333369e-08 1.424336458494815270e-08 7.824760424658745714e-08 -1.260062679285479318e-04 -6.457948002517582757e-06 5.884343627859644106e-06
