# logA n_s theta_s_1e2 omega_b omega_dmb log10sigma_dmb tau_reio A_planck
7.341755329085136467e-04 7.254964445810837875e-05 1.993250200479513208e-06 1.862448525902615568e-06 -2.460632709570311435e-05 -1.665207856559217540e-05 3.971540005742183388e-04 2.632330368256712630e-07
7.254964445810837875e-05 1.897502312668894933e-05 4.226621420377862345e-07 3.177958420012709249e-07 -4.602872410916732836e-06 6.455956997385454282e-04 4.204949629152751741e-05 1.006371283324396307e-07
1.993250200479513208e-06 4.226621420377862345e-07 6.534284274812099326e-08 1.058589840068694571e-08 -1.128124780506399886e-07 4.659334087842426206e-05 1.097501433082245507e-06 3.525129777098501521e-09
1.862448525902615568e-06 3.177958420012709249e-07 1.058589840068694571e-08 1.845957460990455932e-08 -1.187114045490348779e-07 -2.474141312700341424e-05 1.054111146162643860e-06 -3.392093873628646227e-09
-2.460632709570311435e-05 -4.602872410916732836e-06 -1.128124780506399886e-07 -1.187114045490348779e-07 1.745566137620188361e-06 3.933381349381672012e-05 -1.440142216380966939e-05 -9.944271471949612346e-09
-1.665207856559202632e-05 6.455956997385454282e-04 4.659334087842426206e-05 -2.474141312700341424e-05 3.933381349381672012e-05 5.366669965825588307e+00 -4.624108517289143524e-04 7.651440980370665475e-05
3.971540005742183388e-04 4.204949629152751741e-05 1.097501433082245507e-06 1.054111146162643860e-06 -1.440142216380966939e-05 -4.624108517289143524e-04 2.208704246350248334e-04 -3.965548327156179379e-06
2.632330368256712630e-07 1.006371283324396307e-07 3.525129777098501521e-09 -3.392093873628646227e-09 -9.944271471949612346e-09 7.651440980370665475e-05 -3.965548327156179379e-06 4.296614935027169581e-06
