# logA n_s theta_s_1e2 omega_b omega_dmb log10sigma_dmb tau_reio A_planck
2.026757200905967497e-04 1.487534631691599032e-05 3.521642603408124873e-07 4.193833853101808027e-07 -4.413851802527555485e-06 6.340573884883218521e-04 9.577875225621404335e-05 9.951278227817707630e-06
1.487534631691599032e-05 1.801207695614932147e-05 3.251349375942128982e-07 2.594462530200732222e-07 -3.812300200467089750e-06 3.517981729317050431e-04 1.118896396185457659e-05 1.229603400141970449e-06
3.521642603408124873e-07 3.251349375942128982e-07 8.788530605009251678e-08 9.094478335048617476e-09 -7.791897280740007923e-08 1.925983361247662394e-05 1.956898720341300937e-07 2.659980856834383948e-08
4.193833853101808027e-07 2.594462530200732222e-07 9.094478335048617476e-09 2.266444235297544630e-08 -1.029569300459586421e-07 -1.404698399675894777e-05 2.599937565754627563e-07 3.839207577244629445e-08
-4.413851802527555485e-06 -3.812300200467089750e-06 -7.791897280740007923e-08 -1.029569300459586421e-07 1.563851468674182212e-06 -5.838673088954281692e-05 -3.694128590561950535e-06 -3.133699128125388057e-07
6.340573884883218521e-04 3.517981729317050431e-04 1.925983361247662394e-05 -1.404698399675894777e-05 -5.838673088954281692e-05 6.152209671258294099e-01 1.981232664990860372e-04 -2.708791715838630978e-05
9.577875225621404335e-05 1.118896396185457659e-05 1.956898720341300937e-07 2.599937565754627563e-07 -3.694128590561950535e-06 1.981232664990860101e-04 5.351786288980449330e-05 -8.501643219960847940e-07
9.951278227817707630e-06 1.229603400141970449e-06 2.659980856834383948e-08 3.839207577244629445e-08 -3.133699128125388057e-07 -2.708791715838630978e-05 -8.501643219960847940e-07 6.229745966468171971e-06
