# logA n_s theta_s_1e2 omega_b omega_dmb log10sigma_dmb tau_reio A_planck
1.016176458566786251e-03 1.035407488792813559e-04 2.531353616415294649e-06 2.794364655082394800e-06 -3.591760367044985897e-05 3.352237740717771072e-03 5.502222834348274253e-04 2.849441622212241666e-06
1.035407488792813559e-04 2.730918867213518199e-05 4.984848334955215893e-07 4.880237747175723030e-07 -6.803919414157796838e-06 -7.030862682825153543e-04 6.011867556037474043e-05 5.984084959285299738e-07
2.531353616415294649e-06 4.984848334955215893e-07 8.855218168124364433e-08 1.450202018512848000e-08 -1.477614689086205002e-07 3.433306091192019305e-05 1.393706377841590804e-06 2.313425948512276185e-08
2.794364655082394800e-06 4.880237747175723030e-07 1.450202018512848000e-08 2.708863561971248647e-08 -1.774123630439303784e-07 1.678685300459338336e-05 1.591402051978737940e-06 -1.032316365724965499e-08
-3.591760367044985897e-05 -6.803919414157796838e-06 -1.477614689086205002e-07 -1.774123630439303784e-07 2.580233946750350050e-06 -1.260200898039883454e-04 -2.096669374729033983e-05 -1.555798995702640566e-07
3.352237740717771072e-03 -7.030862682825153543e-04 3.433306091192019305e-05 1.678685300459338336e-05 -1.260200898039883454e-04 6.544728232274979796e+00 2.239997243591206316e-03 -1.663938947827925418e-04
5.502222834348274253e-04 6.011867556037474043e-05 1.393706377841590804e-06 1.591402051978737940e-06 -2.096669374729033983e-05 2.239997243591206316e-03 3.066026927430102024e-04 -4.535118953599732819e-06
2.849441622212241666e-06 5.984084959285299738e-07 2.313425948512276185e-08 -1.032316365724965499e-08 -1.555798995702640566e-07 -1.663938947827925418e-04 -4.535118953599732819e-06 6.182196055899183555e-06
