# logA n_s theta_s_1e2 omega_b omega_dmeff sigma_dmeff tau_reio A_planck
8.779495278681901781e-04 6.243329523265988309e-05 -1.088009631419038314e-06 2.342509270327035585e-06 -2.293425016352224294e-05 -1.401041734581530582e-25 4.899217632191889531e-04 -1.837756320852871074e-05
6.243329523265988309e-05 1.497199273150128508e-05 3.545275494358201981e-07 3.948916039093347641e-07 -2.793541399779792036e-06 1.823330494529184129e-26 3.533065151085119785e-05 -8.319479594925939590e-07
-1.088009631419038314e-06 3.545275494358201981e-07 1.308279731584095275e-07 7.104376430474873478e-09 1.676730512885854437e-07 6.293718938252811613e-27 -7.988348280812567217e-07 -8.939459815613760493e-08
2.342509270327035585e-06 3.948916039093347641e-07 7.104376430474873478e-09 2.433057650638634747e-08 -1.013817138434735613e-07 8.211650464180228792e-28 1.313177251774901889e-06 -6.902090036912975962e-08
-2.293425016352224294e-05 -2.793541399779792036e-06 1.676730512885854437e-07 -1.013817138434735613e-07 1.678269381418149551e-06 1.390877191660371437e-26 -1.438681567838343102e-05 5.692817445762309550e-07
-1.401041734581530582e-25 1.823330494529184129e-26 6.293718938252811613e-27 8.211650464180228792e-28 1.390877191660371437e-26 6.755806393931486783e-46 -1.039046387802805097e-25 -1.948164363858258092e-28
4.899217632191889531e-04 3.533065151085119785e-05 -7.988348280812567217e-07 1.313177251774901889e-06 -1.438681567838343102e-05 -1.039046387802805097e-25 2.837308634267962561e-04 -1.757729429783404221e-05
-1.837756320852871074e-05 -8.319479594925939590e-07 -8.939459815613760493e-08 -6.902090036912975962e-08 5.692817445762309550e-07 -1.948164363858258092e-28 -1.757729429783404221e-05 7.800338645696981048e-06
