# logA n_s theta_s_1e2 omega_b omega_dmeff sigma_dmeff tau_reio A_planck
2.560565997294346821e-04 4.557541305456678874e-06 9.979492999837815569e-07 2.362642392216403293e-07 6.830022922885979067e-07 7.068152345538458934e-29 1.414532348788113492e-04 -1.334006824595443109e-05
4.557541305456678874e-06 3.201197656508181988e-06 1.381306526105617991e-07 1.429035814055804939e-08 -6.598434296714460173e-08 6.694739038863347922e-29 1.173593876608571885e-06 9.381432772344589687e-07
9.979492999837815569e-07 1.381306526105617991e-07 3.590656397246844988e-08 5.130930016413131730e-09 7.678140433712046382e-09 4.241345718353970252e-30 5.687704926846703515e-07 -1.058039315131465754e-07
2.362642392216403293e-07 1.429035814055804939e-08 5.130930016413131730e-09 7.868434422072537972e-09 -9.185358236733277054e-09 5.238807186012436587e-31 2.542535961768985546e-07 -1.339529024432280391e-07
6.830022922885979067e-07 -6.598434296714460173e-08 7.678140433712046382e-09 -9.185358236733277054e-09 9.738321030361430127e-08 2.995221338032838031e-30 8.326255707210442435e-08 1.300882504239517958e-07
7.068152345538458934e-29 6.694739038863347922e-29 4.241345718353970252e-30 5.238807186012436587e-31 2.995221338032838031e-30 4.121682231354046418e-51 -1.636042158657941808e-32 1.163860612356062090e-29
1.414532348788113492e-04 1.173593876608571885e-06 5.687704926846703515e-07 2.542535961768985546e-07 8.326255707210442435e-08 -1.636042158657941808e-32 8.439118107952428528e-05 -1.295931261351613748e-05
-1.334006824595443109e-05 9.381432772344589687e-07 -1.058039315131465754e-07 -1.339529024432280391e-07 1.300882504239517958e-07 1.163860612356062090e-29 -1.295931261351613748e-05 6.474091443418896722e-06
