# logA n_s theta_s_1e2 omega_b omega_dmeff sigma_dmeff tau_reio A_planck
8.892051329390829274e-04 9.394187737507267357e-05 2.672258624458212703e-06 2.327696405625758455e-06 -2.994300686670367558e-05 2.274938739282881217e-26 4.778684416570119602e-04 4.504223238571128716e-06
9.394187737507267357e-05 2.849902464274210043e-05 1.066670002950958082e-06 4.291546871936743050e-07 -4.592530605893572777e-06 1.456115344917397438e-25 5.126746175216114057e-05 7.583774118628849809e-07
2.672258624458212703e-06 1.066670002950958082e-06 1.723524826106410156e-07 1.273292327029330811e-08 2.712830647935551071e-08 1.868165442031627422e-26 1.156903728251329142e-06 -4.559741036031886196e-08
2.327696405625758455e-06 4.291546871936743050e-07 1.273292327029330811e-08 2.425253027824167211e-08 -1.514687870518294559e-07 -2.704066569826868514e-28 1.296175733046235436e-06 2.273217122268419380e-08
-2.994300686670367558e-05 -4.592530605893572777e-06 2.712830647935551071e-08 -1.514687870518294559e-07 2.430597973101886866e-06 3.398298680672628242e-26 -1.794714434068833030e-05 -3.215462731059083382e-07
2.274938739282881504e-26 1.456115344917397438e-25 1.868165442031627422e-26 -2.704066569826867617e-28 3.398298680672628242e-26 4.213035040134455174e-45 -5.676976555321060911e-26 -9.977518548958481928e-27
4.778684416570119602e-04 5.126746175216114057e-05 1.156903728251329142e-06 1.296175733046235436e-06 -1.794714434068833030e-05 -5.676976555321060911e-26 2.659333432466407356e-04 -3.138342540815105978e-06
4.504223238571128716e-06 7.583774118628849809e-07 -4.559741036031886196e-08 2.273217122268419380e-08 -3.215462731059083382e-07 -9.977518548958481928e-27 -3.138342540815105978e-06 5.890461059534726880e-06
