# logA n_s theta_s_1e2 omega_b omega_dmeff sigma_dmeff tau_reio A_planck
1.074301087508925182e-03 9.660656258348708253e-05 2.395494025970315212e-06 2.750438142107522826e-06 -3.615875944598281432e-05 1.089449229045701586e-29 5.886265014525711697e-04 -4.344239738897137273e-06
9.660656258348708253e-05 2.412226313983538843e-05 3.613637870315355932e-07 4.221620534229565838e-07 -5.964895429993688753e-06 -3.640639949776168042e-31 5.739622358869276442e-05 -8.092928199029988738e-07
2.395494025970315212e-06 3.613637870315355932e-07 1.223625765855241169e-07 1.427485343919870621e-08 -1.043316035107065115e-07 5.365688274487323952e-31 1.294907684575403466e-06 6.263866286382910839e-08
2.750438142107522826e-06 4.221620534229565838e-07 1.427485343919870621e-08 2.423263680409234641e-08 -1.643263423359705711e-07 2.914404239856355859e-32 1.558312505767713728e-06 -1.196800050957414760e-08
-3.615875944598281432e-05 -5.964895429993688753e-06 -1.043316035107065115e-07 -1.643263423359705711e-07 2.523527506804647522e-06 5.935094422901470137e-31 -2.144074121202074762e-05 3.559389370464440390e-07
1.089449229045701586e-29 -3.640639949776166290e-31 5.365688274487323952e-31 2.914404239856356406e-32 5.935094422901470137e-31 7.308888975077520337e-54 5.126562734902500288e-30 4.670073542937479444e-31
5.886265014525711697e-04 5.739622358869276442e-05 1.294907684575403466e-06 1.558312505767713728e-06 -2.144074121202074762e-05 5.126562734902500288e-30 3.308509037836214473e-04 -8.272292013587033766e-06
-4.344239738897137273e-06 -8.092928199029988738e-07 6.263866286382910839e-08 -1.196800050957414760e-08 3.559389370464440390e-07 4.670073542937479444e-31 -8.272292013587033766e-06 5.890092908922570337e-06
