# logA n_s theta_s_1e2 omega_b omega_dmeff sigma_dmeff tau_reio A_planck
1.911974265666555256e-03 2.196246032365573822e-04 6.535262524477341110e-06 4.474560490771602907e-06 -7.917227271691372893e-05 9.942522542021792507e-29 1.073838144845608083e-03 -1.198806489140318372e-05
2.196246032365573822e-04 3.950272031535983792e-05 1.125527733855508759e-06 6.163820950194221418e-07 -1.100068712127041077e-05 2.630574154231505447e-29 1.292225672496939844e-04 -3.467101269872394875e-06
6.535262524477341110e-06 1.125527733855508759e-06 2.071752659388901324e-07 3.308034295669548944e-08 -1.891795074636599481e-07 6.391105300718296108e-30 3.774306437167487178e-06 -1.748874706488105423e-07
4.474560490771602907e-06 6.163820950194221418e-07 3.308034295669548944e-08 2.579106781054306300e-08 -1.926514261308661727e-07 1.305168902899076376e-30 2.512997842204885753e-06 -3.149001773069848580e-08
-7.917227271691372893e-05 -1.100068712127041077e-05 -1.891795074636599481e-07 -1.926514261308661727e-07 4.360045412292337919e-06 2.090271594714374647e-30 -4.615668399283809348e-05 8.726776172665636388e-07
9.942522542021792507e-29 2.630574154231505447e-29 6.391105300718296108e-30 1.305168902899076376e-30 2.090271594714374647e-30 3.623104082080834791e-52 5.972885717568321217e-29 -6.443676967391298871e-30
1.073838144845608083e-03 1.292225672496939844e-04 3.774306437167486331e-06 2.512997842204885753e-06 -4.615668399283809348e-05 5.972885717568321217e-29 6.128005421225929525e-04 -1.331421023500061866e-05
-1.198806489140318372e-05 -3.467101269872394875e-06 -1.748874706488105423e-07 -3.149001773069848580e-08 8.726776172665636388e-07 -6.443676967391298871e-30 -1.331421023500061866e-05 6.020937012955730390e-06
